Data/peta/Muara Sekalo Suo Suo - raster probability map_v1.asc
ncols        244
nrows        159
xllcorner    215689.189391530934
yllcorner    9860167.312381720170
cellsize     100.000000000000
NODATA_value  -9999
[rows 42 to 62 of 159, columns 184 to 229 of 244]
0.051610099999999999032 0.057041599999999997861 0.035214799999999997493 0.014613199999999999801 0.010600899999999999906 0.01717259999999999967 0.025372900000000000315 0.028775499999999998996 0.030979300000000001281 0.040462800000000000156 0.11191199999999999759 0.12107199999999999906 0.10119799999999999629 0.10631599999999999384 0.11222500000000000531 0.086834200000000000275 0.09005430000000000379 0.12816500000000000115 0.15041299999999999115 0.19769000000000000461 0.31460900000000002752 0.23848300000000000054 0.15543899999999999384 0.1432859999999999967 0.20017499999999999183 0.169627 0.18196899999999999187 0.10627000000000000335 0.15942899999999998739 0.11629100000000000548 0.14203499999999999459 0.16650499999999998635 0.099672200000000002462 0.14449899999999998856 0.13091600000000000459 0.13091600000000000459 0.11254799999999999527 0.10589999999999999414 0.11451400000000000468 0.06236339999999999939 0.06236339999999999939 0.14415400000000000436 0.18595600000000001017 0.16165899999999999714 0.12739400000000000723 0.066920800000000002505
0.033427400000000002944 0.045924699999999998856 0.024225799999999998724 0.013657100000000000142 0.0068878599999999999895 0.01156970000000000047 0.011950300000000000505 0.0099814099999999995882 0.017011399999999999438 0.020511399999999999078 0.07083879999999999344 0.10071800000000000197 0.084316500000000002557 0.087745199999999995422 0.054569499999999999951 0.061378000000000002001 0.11460299999999999654 0.16969899999999998874 0.16680900000000001282 0.14483099999999998753 0.32168900000000000272 0.35326200000000002044 0.29053899999999999171 0.19550799999999998735 0.16313300000000000023 0.14876900000000001234 0.17567900000000000182 0.15547300000000000009 0.12019199999999999329 0.097390500000000004843 0.082276199999999993784 0.14569299999999998918 0.072255100000000002658 0.10607600000000000362 0.12148200000000000665 0.12148200000000000665 0.138373999999999997 0.084305000000000004934 0.070464499999999999358 0.067556400000000002559 0.067556400000000002559 0.10326000000000000456 0.13188700000000000423 0.15812399999999998679 0.11468100000000000516 0.052890300000000001202
0.025844999999999999918 0.040583099999999996954 0.02751229999999999995 0.012794599999999999723 0.0071957300000000000081 0.010173800000000000204 0.014422100000000000197 0.011052499999999999825 0.015225699999999999998 0.01308070000000000066 0.049828100000000000169 0.069408499999999997976 0.073157100000000002682 0.081815999999999999837 0.08607309999999999961 0.080391500000000004622 0.12013600000000000667 0.15138999999999999679 0.19270000000000001017 0.17156399999999999428 0.34304600000000001758 0.38850899999999999324 0.33667599999999997529 0.24222799999999999887 0.18502399999999999403 0.17741499999999998938 0.17289199999999999013 0.18882099999999998885 0.10148200000000000276 0.050485500000000002596 0.07473820000000000463 0.15995000000000000884 0.092589699999999997004 0.15370700000000001029 0.14212800000000000433 0.14212800000000000433 0.14895700000000000607 0.070860599999999995813 0.036832700000000002938 0.057776099999999996903 0.057776099999999996903 0.1118650000000000061 0.12957499999999999574 0.21548200000000000687 0.15035100000000001241 0.077110899999999996113
0.018467299999999998994 0.022359899999999998527 0.026854599999999999305 0.014416699999999999307 0.010864900000000000252 0.0068015599999999998976 0.0095368599999999994349 0.012141900000000000609 0.018146599999999998842 0.017323399999999999216 0.030597900000000000792 0.043109099999999997421 0.043741200000000000914 0.095870600000000000263 0.14604900000000001214 0.16330400000000000471 0.16276599999999999402 0.12680199999999999805 0.16799000000000000044 0.1011470000000000008 0.16174800000000000288 0.28653800000000001491 0.30151800000000000823 0.41196199999999999486 0.30947299999999999809 0.29715799999999997771 0.23140499999999999958 0.16370899999999999341 0.10468299999999999828 0.13711899999999999089 0.094707500000000000018 0.1857229999999999992 0.13377400000000000402 0.10972800000000000609 0.097721799999999997555 0.097721799999999997555 0.10118699999999999917 0.079452400000000006353 0.077301200000000000467 0.088938900000000001289 0.088938900000000001289 0.18076600000000001001 0.18104400000000001048 0.20174700000000000966 0.11699400000000000077 0.11510199999999999598
0.021203900000000001219 0.01989549999999999999 0.018161900000000001654 0.011869400000000000436 0.0096644199999999999551 0.0046455200000000002047 0.0071516299999999999662 0.018130400000000001376 0.023223400000000001681 0.026063699999999998674 0.046085199999999999776 0.051384399999999996744 0.047092200000000000726 0.076998800000000006127 0.12688499999999999779 0.16255500000000000504 0.16568900000000000294 0.18280299999999999327 0.16964599999999999125 0.075639899999999996028 0.14480799999999999228 0.24217600000000000238 0.27699899999999999523 0.25166399999999999881 0.24386700000000000044 0.28598000000000001197 0.30650199999999999667 0.18144699999999999718 0.16035699999999999954 0.20306799999999999851 0.11979800000000000171 0.16683200000000000807 0.15138399999999999079 0.19341200000000000059 0.17304800000000000737 0.17304800000000000737 0.16160099999999999465 0.1299200000000000077 0.12295300000000000673 0.087970400000000004148 0.087970400000000004148 0.1207929999999999976 0.095715400000000006031 0.092133300000000001306 0.059319700000000002982 0.10280799999999999661
0.0145126000000000005 0.010585799999999999377 0.014012699999999999462 0.0093316400000000004206 0.0036916000000000001764 0.004738629999999999752 0.0077891100000000001308 0.020379799999999999999 0.025601999999999999758 0.02769920000000000021 0.079309099999999993491 0.06208190000000000236 0.045109599999999999698 0.049261600000000002608 0.077623600000000000931 0.11454599999999999504 0.10739500000000000435 0.12191799999999999859 0.13245899999999999341 0.047661399999999999599 0.09925440000000000651 0.14437300000000000133 0.21892800000000001148 0.27226800000000001001 0.32843699999999997896 0.32913500000000001089 0.42318299999999997585 0.301383000000000012 0.24859000000000000541 0.27869800000000000129 0.16314100000000000823 0.20147499999999998743 0.17907899999999998819 0.1571430000000000049 0.1642859999999999876 0.1642859999999999876 0.15951499999999999013 0.11869300000000000683 0.10780399999999999705 0.070822399999999993692 0.070822399999999993692 0.12226299999999999668 0.12839500000000000912 0.15101999999999998758 0.14692800000000000304 0.16274099999999999677
0.0068765700000000002517 0.0073461200000000002538 0.0072217299999999999896 0.0089650300000000005679 0.005236760000000000026 0.0044055099999999996346 0.0099306900000000006973 0.018155500000000001498 0.026124999999999998918 0.032393299999999999872 0.066913600000000003631 0.091064300000000000801 0.071145899999999998031 0.095229199999999999959 0.14644899999999999585 0.18987599999999998923 0.20963799999999999102 0.18757699999999999374 0.11626599999999999435 0.069256600000000001494 0.063254299999999999415 0.1441860000000000086 0.19363800000000000456 0.19438600000000000323 0.24452899999999999636 0.24970800000000001329 0.3049470000000000236 0.39193699999999997985 0.39589400000000002366 0.40377000000000001778 0.27096399999999998265 0.1928239999999999954 0.1892780000000000018 0.21061599999999999766 0.1838859999999999939 0.1838859999999999939 0.17597399999999999154 0.15470100000000000517 0.12418200000000000072 0.1133949999999999958 0.1133949999999999958 0.24371200000000001196 0.29353400000000001713 0.2566649999999999765 0.22736899999999998778 0.18405499999999999639
0.0054713000000000001216 0.0082822799999999995035 0.0073660100000000000922 0.0098039400000000005708 0.014066900000000000237 0.0090177499999999997243 0.015213100000000000234 0.034029200000000002502 0.041226100000000001633 0.031700199999999997824 0.109370999999999996 0.11400599999999999623 0.108244999999999994 0.094929399999999997117 0.18260399999999998855 0.17278399999999999315 0.15632999999999999674 0.19967399999999999038 0.13606699999999999351 0.060590199999999996838 0.068851499999999996038 0.16299399999999999999 0.16255700000000000705 0.1549379999999999924 0.25918600000000002748 0.25958199999999997942 0.28081499999999998129 0.35831899999999999862 0.26896999999999998687 0.28955900000000001082 0.30715700000000001335 0.23460800000000001098 0.27442299999999997251 0.28455399999999997362 0.2128829999999999889 0.2128829999999999889 0.16196499999999999786 0.14210900000000001309 0.10713599999999999512 0.10230300000000000504 0.10230300000000000504 0.14052999999999998826 0.15416900000000000048 0.19742599999999999039 0.15739300000000000512 0.17896400000000001196
0.0052609700000000002296 0.0098925200000000001327 0.010976800000000000099 0.01783269999999999994 0.031236599999999999783 0.02657800000000000093 0.038190000000000001723 0.051130000000000001836 0.062327699999999999769 0.057526700000000000057 0.16975999999999999424 0.15305299999999999461 0.12627599999999999936 0.15518499999999998962 0.17269399999999998641 0.15234200000000000519 0.14391300000000001313 0.16467499999999998805 0.091318300000000005023 0.053274599999999998345 0.14200799999999999534 0.21521999999999999464 0.24973400000000001153 0.21502499999999999392 0.25519399999999997641 0.22388900000000000468 0.35963499999999998247 0.34646700000000002495 0.47996199999999999974 0.35645300000000001983 0.28190999999999999392 0.29117500000000001714 0.44083800000000000763 0.34213999999999999968 0.31272499999999997522 0.31272499999999997522 0.28972599999999998355 0.14589699999999999891 0.11487899999999999501 0.12218800000000000494 0.12218800000000000494 0.11032300000000000439 0.17670500000000000096 0.17956400000000000139 0.10217600000000000293 0.11423300000000000121
0.008656890000000000418 0.013018000000000000058 0.019357200000000001489 0.025781200000000000644 0.032981400000000000994 0.048999099999999996824 0.059567599999999998328 0.068326499999999998347 0.089087600000000002898 0.059220299999999996554 0.12596399999999999264 0.15700800000000000867 0.16896400000000000308 0.1669589999999999963 0.10145500000000000351 0.094139299999999995205 0.12399799999999999711 0.12197399999999999909 0.050319099999999998551 0.067171499999999995101 0.25841399999999997705 0.32050200000000000911 0.25953500000000001569 0.15449799999999999645 0.22018899999999999584 0.32473099999999999188 0.35759800000000002695 0.23388400000000000856 0.57538800000000001056 0.44087999999999999412 0.33626899999999998458 0.29757499999999997842 0.43094799999999999773 0.41720699999999999452 0.21415999999999998926 0.21415999999999998926 0.17456399999999999695 0.1978030000000000066 0.11739900000000000335 0.18031099999999999905 0.18031099999999999905 0.1647800000000000098 0.18767500000000000848 0.14851400000000000712 0.11640699999999999659 0.10131700000000000428
0.014288099999999999759 0.020445000000000001367 0.02007739999999999872 0.027174000000000000238 0.034161900000000001987 0.056839899999999998759 0.061109499999999997155 0.062866699999999997583 0.084287899999999998935 0.052187900000000002343 0.12602900000000000214 0.17039199999999998791 0.13108000000000000207 0.14883399999999999408 0.090783699999999994956 0.079695199999999993823 0.091169299999999994788 0.084198999999999996069 0.060211000000000000631 0.056496699999999996922 0.18042900000000000604 0.27762500000000001066 0.20089999999999999525 0.20164599999999999191 0.28002899999999997238 0.24349000000000001198 0.23079700000000000215 0.28562100000000001376 0.56972999999999995868 0.37570799999999998642 0.5151580000000000048 0.52852900000000002656 0.45881800000000000361 0.45960099999999998177 0.22037499999999998757 0.22037499999999998757 0.16112999999999999545 0.22650799999999998713 0.17962300000000000488 0.15718799999999999439 0.15718799999999999439 0.14050299999999998901 0.14178299999999999237 0.12696099999999999053 0.17817099999999999604 0.10633599999999999997
0.020707199999999998524 0.029678900000000001114 0.025738899999999998586 0.033425799999999998569 0.030424300000000001343 0.044223400000000002985 0.066305900000000000949 0.050393899999999998418 0.057464000000000001189 0.041680099999999997706 0.095511499999999999178 0.096978200000000000514 0.088563600000000006207 0.1393099999999999894 0.099228600000000000136 0.078742400000000004057 0.049574399999999997635 0.048914800000000001334 0.043734399999999999664 0.05707129999999999842 0.24636299999999999866 0.29710599999999998122 0.31335000000000001741 0.17669899999999999496 0.2156710000000000016 0.25738899999999997892 0.28246599999999999486 0.28112300000000001177 0.39211899999999999533 0.3097739999999999938 0.56089599999999995017 0.4713879999999999737 0.29363600000000000811 0.38587300000000002154 0.27757199999999998541 0.27757199999999998541 0.22551999999999999824 0.20256499999999999506 0.22037399999999998657 0.19409199999999998676 0.19409199999999998676 0.19524299999999999988 0.14796000000000000818 0.13521600000000000286 0.2089360000000000106 0.10033999999999999864
0.022345299999999998497 0.028417100000000000692 0.027808900000000000979 0.034182999999999998109 0.029580499999999999156 0.030651299999999999379 0.026980799999999999228 0.032594699999999997286 0.038484699999999996689 0.025404099999999998905 0.063564999999999996505 0.055287299999999997557 0.062126899999999998792 0.10139399999999999802 0.083762100000000005995 0.083437399999999994904 0.06066409999999999858 0.053783499999999997976 0.036047400000000000275 0.030248199999999999393 0.12277599999999999625 0.22896900000000000586 0.36211399999999999144 0.18686300000000000132 0.16849600000000000688 0.19391300000000000203 0.28506900000000001683 0.29033999999999998698 0.30289199999999999458 0.33087299999999997269 0.6692590000000000483 0.5531850000000000378 0.18260199999999998655 0.18151400000000000867 0.22739899999999999003 0.22739899999999999003 0.30562400000000000677 0.18690399999999998681 0.11909899999999999654 0.13846400000000000374 0.13846400000000000374 0.14360300000000000842 0.12557599999999999318 0.098466499999999998471 0.16578200000000001268 0.1334559999999999913
0.018994500000000000967 0.017026300000000001156 0.018787100000000001021 0.030674799999999998595 0.030921000000000000568 0.029053300000000000652 0.020329599999999999754 0.022225499999999998729 0.022329200000000000437 0.013898999999999999896 0.042450500000000002121 0.034974900000000003208 0.039914999999999999092 0.062503799999999998249 0.061508500000000000674 0.066266800000000000703 0.064220499999999999807 0.066809400000000004893 0.033466099999999998627 0.039511600000000000887 0.12260600000000000664 0.24590899999999998871 0.42670099999999999696 0.33828999999999997961 0.30969200000000002282 0.3133619999999999739 0.35569800000000001416 0.25330999999999997963 0.27088699999999998891 0.27343400000000001038 0.68156099999999997241 0.55731200000000002959 0.28554200000000001802 0.17001900000000000346 0.16000700000000001033 0.16000700000000001033 0.2200459999999999916 0.20035200000000000231 0.10158499999999999475 0.14521999999999998798 0.14521999999999998798 0.10471999999999999365 0.07161960000000000548 0.084082199999999995832 0.089677300000000001456 0.13314000000000000834
0.013335299999999999584 0.010742200000000000359 0.0088597999999999992732 0.020857400000000001633 0.031139400000000001106 0.039136499999999997679 0.03740999999999999881 0.031078600000000001363 0.015185000000000000581 0.01532539999999999944 0.029825799999999999534 0.027854600000000000193 0.029498799999999998633 0.032672399999999997278 0.050604700000000002458 0.05339069999999999927 0.035646400000000001695 0.040527300000000002211 0.030343599999999998351 0.054825699999999998047 0.17657900000000001373 0.21149699999999999056 0.22275400000000000755 0.23203099999999998726 0.27934999999999998721 0.2384110000000000118 0.30885099999999998666 0.31232700000000002127 0.29526400000000002644 0.31722400000000000597 0.57788499999999998202 0.48848799999999997778 0.40436499999999997446 0.23394400000000001305 0.15329000000000000958 0.15329000000000000958 0.14940999999999998726 0.12934599999999998876 0.10781300000000000605 0.15744400000000000062 0.15744400000000000062 0.11184900000000000397 0.090365600000000004255 0.096631999999999995676 0.17488000000000000766 0.21456100000000000172
0.014252900000000000638 0.0088246000000000001523 0.008316809999999999134 0.013480000000000000662 0.01733310000000000059 0.029201700000000000573 0.040027100000000002955 0.027353100000000001718 0.018967100000000000626 0.020369499999999998718 0.049665899999999998937 0.044915999999999997594 0.033214899999999998592 0.058734000000000001485 0.031263899999999997248 0.043167700000000003291 0.025295000000000001511 0.033491399999999997561 0.030708200000000001467 0.050990000000000000602 0.16290399999999999325 0.26489200000000001634 0.3035780000000000145 0.303632000000000013 0.32099699999999997679 0.29322599999999998666 0.38274399999999997313 0.4249399999999999844 0.4268700000000000272 0.35202600000000000557 0.52985400000000004717 0.46256099999999999994 0.58250500000000005052 0.37368000000000001215 0.23335800000000000987 0.23335800000000000987 0.16742000000000001325 0.20021800000000000708 0.14499699999999998701 0.28316700000000000204 0.28316700000000000204 0.27631800000000000805 0.29673199999999999577 0.17949799999999999089 0.25871100000000002428 0.294599999999999973
0.019612999999999998491 0.011817700000000000427 0.010121700000000000835 0.0078423899999999994309 0.013133300000000000529 0.023279500000000001581 0.040550900000000000833 0.033920199999999997575 0.034829999999999999849 0.020653999999999998749 0.067998400000000000509 0.054620500000000002383 0.035586699999999998889 0.062645599999999995733 0.05562129999999999852 0.056028700000000000725 0.038631800000000000861 0.059094899999999998819 0.052574200000000001487 0.059279600000000001736 0.14946300000000001251 0.20901600000000000734 0.27425599999999999978 0.32159199999999998898 0.35975800000000002221 0.26939699999999999758 0.32974900000000001432 0.3799190000000000067 0.43988699999999997248 0.48058699999999998642 0.55178099999999996594 0.49199799999999999089 0.56808899999999995512 0.28759299999999998754 0.11858899999999999997 0.11858899999999999997 0.1491439999999999988 0.19462399999999999145 0.16167899999999998939 0.2620109999999999939 0.2620109999999999939 0.31809300000000001463 0.4227890000000000259 0.30776900000000001478 0.36824600000000001776 0.31666600000000000303
0.020721400000000000929 0.021638399999999998607 0.012689399999999999985 0.010319500000000000547 0.011221699999999999384 0.021041199999999999487 0.026783999999999998781 0.030578999999999998544 0.047880800000000001138 0.053021899999999996811 0.11092699999999999783 0.083053899999999999948 0.055895399999999997864 0.065104800000000004334 0.10347399999999999654 0.08892629999999999979 0.043870399999999996898 0.051033799999999997221 0.061544899999999999607 0.051802399999999998448 0.099191399999999999015 0.249988999999999989 0.22130700000000000371 0.328129000000000004 0.26769599999999998952 0.21533299999999999663 0.39884599999999997832 0.40370800000000001129 0.40109899999999998332 0.4584369999999999834 0.60261200000000003651 0.54166700000000000959 0.64931499999999997552 0.41043299999999999228 0.24831700000000000994 0.24831700000000000994 0.20818800000000001194 0.25212299999999998601 0.13564200000000001256 0.14898500000000000631 0.14898500000000000631 0.1321579999999999977 0.27409299999999997555 0.31601200000000001511 0.2258459999999999912 0.23754600000000000715
0.030663599999999999191 0.070081799999999999651 0.033615600000000002423 0.050314799999999999802 0.045522800000000002152 0.03775160000000000321 0.051642300000000002091 0.047208600000000003338 0.088564199999999995705 0.11434400000000000119 0.13510500000000000287 0.10686099999999999766 0.089891600000000002058 0.14621500000000001163 0.11023199999999999665 0.11575799999999999979 0.074811400000000000121 0.045455900000000000472 0.052998799999999998689 0.046243899999999997508 0.10569599999999999829 0.14670400000000000107 0.171884000000000009 0.23999200000000001087 0.16306999999999999273 0.12350999999999999479 0.27067999999999997618 0.32351200000000002177 0.26229599999999997362 0.3062259999999999982 0.41133399999999997743 0.39630999999999999561 0.57589599999999996349 0.44294299999999997564 0.28773999999999999577 0.28773999999999999577 0.19303000000000000713 0.15842400000000000926 0.19317999999999999061 0.27370699999999997809 0.27370699999999997809 0.17297499999999998987 0.23667699999999999849 0.20241100000000000758 0.13012199999999998767 0.15886800000000000921
0.036098900000000003208 0.080652699999999993841 0.062964400000000003699 0.075671100000000005026 0.077304600000000001092 0.077299099999999995592 0.091630100000000005989 0.072044399999999994555 0.054949499999999998345 0.046512100000000000666 0.069060599999999999765 0.10092900000000000482 0.095567700000000005423 0.16524300000000000099 0.14922299999999999454 0.14846100000000000962 0.11308200000000000196 0.085960900000000006749 0.12938299999999999801 0.074489200000000005408 0.089581999999999994966 0.11014699999999999491 0.18453800000000000758 0.18074100000000001276 0.16787499999999999645 0.10970000000000000584 0.13200100000000000722 0.24884300000000000863 0.2589480000000000115 0.32631700000000002371 0.47340300000000001823 0.4455359999999999876 0.58716599999999996573 0.54827099999999995283 0.22710900000000000531 0.22710900000000000531 0.1812350000000000072 0.17426900000000000723 0.27088699999999998891 0.41149499999999999966 0.41149499999999999966 0.25471100000000002073 0.27349299999999998612 0.2473450000000000093 0.17379300000000000304 0.20628099999999999214
0.059989099999999996593 0.085843100000000005512 0.077298500000000006094 0.11098199999999999732 0.14638300000000001311 0.14693899999999998629 0.13030500000000000416 0.09901169999999999416 0.068252699999999999481 0.043148699999999998167 0.046711200000000001331 0.05743329999999999963 0.090969400000000005813 0.13204499999999999571 0.19079999999999999738 0.17131799999999999806 0.15248800000000001242 0.16156300000000001216 0.19564699999999998759 0.11716699999999999338 0.2513810000000000211 0.22115499999999999048 0.12422099999999999809 0.085275699999999995948 0.10662299999999999556 0.12877600000000000158 0.11755300000000000471 0.23749000000000000665 0.23327400000000000913 0.24846299999999998942 0.48364400000000001834 0.48992900000000000338 0.62351500000000004142 0.51223399999999996712 0.21863299999999999401 0.21863299999999999401 0.19434699999999999198 0.22684000000000001385 0.29577900000000001413 0.36789300000000002555 0.36789300000000002555 0.16200200000000000711 0.15189900000000000624 0.14841099999999998738 0.23010200000000000098 0.12104399999999999882
