Data/peta/Muara Sekalo Suo Suo - raster probability map_v1.asc
ncols        244
nrows        159
xllcorner    215689.189391530934
yllcorner    9860167.312381720170
cellsize     100.000000000000
NODATA_value  -9999
[rows 63 to 83 of 159, columns 138 to 183 of 244]
0.2473360000000000003 0.21761300000000000088 0.25554300000000002013 0.24471899999999999209 0.26134299999999999198 0.27642699999999997829 0.49534400000000000652 0.3960170000000000079 0.44927600000000000868 0.45313599999999998325 0.37350600000000000467 0.40212300000000000821 0.44155800000000000605 0.50949900000000003519 0.56933900000000003949 0.58719399999999999373 0.61520900000000000585 0.52285800000000004495 0.50019899999999994922 0.36882100000000000994 0.42178300000000001901 0.39748299999999997523 0.39748299999999997523 0.36965300000000000935 0.3705720000000000125 0.68832400000000004692 0.097561899999999993072 0.069718799999999997441 0.035569499999999996953 0.02908279999999999893 0.031335500000000002241 0.03511800000000000338 0.032141200000000001713 0.032141200000000001713 0.017687899999999999456 0.018467999999999998306 0.018062100000000001071 0.030684400000000000563 0.042355499999999997318 0.078101000000000003753 0.11737100000000000311 0.1723040000000000127 0.18535099999999998799 0.22927500000000000657 0.1647009999999999863 0.11897800000000000042
0.26107599999999997475 0.2518560000000000243 0.29474299999999997723 0.32344699999999998452 0.22405600000000000516 0.35058499999999997998 0.47442200000000001037 0.39883000000000001783 0.3410299999999999998 0.46813500000000002332 0.47605199999999997518 0.49891999999999997462 0.48788199999999998235 0.49770700000000001051 0.53930599999999995209 0.62928600000000001202 0.62659699999999995956 0.63113500000000000156 0.56887900000000002354 0.40967199999999998061 0.3674229999999999996 0.41785099999999997245 0.41785099999999997245 0.44531300000000001438 0.32386700000000001598 0.59491899999999997561 0.19252600000000000269 0.20240099999999999758 0.10830800000000000149 0.082897299999999993214 0.037029499999999999915 0.031794900000000000939 0.02636140000000000011 0.02636140000000000011 0.039856599999999998973 0.044207799999999998486 0.028786400000000000182 0.031073199999999998738 0.022966699999999999615 0.034030199999999996563 0.051729499999999997706 0.089879600000000003934 0.20154700000000000393 0.14559099999999999819 0.084857000000000001871 0.044814399999999997293
0.23345599999999999685 0.22041800000000000281 0.32102599999999997804 0.4210690000000000266 0.28017500000000000737 0.36376100000000000101 0.54883199999999998653 0.42225099999999998746 0.33811900000000000288 0.34437000000000000943 0.41930099999999997928 0.53007000000000004114 0.58954799999999996096 0.49075800000000002754 0.46239900000000000446 0.54850100000000001632 0.59346500000000002029 0.51515500000000002956 0.48525800000000002266 0.46355600000000002359 0.40778700000000001058 0.45386100000000001442 0.45386100000000001442 0.46330999999999999961 0.32340900000000000203 0.42341800000000001658 0.19118299999999999184 0.23853800000000000003 0.19049199999999999466 0.12267599999999999338 0.041799400000000000444 0.031098399999999998267 0.032556000000000001604 0.032556000000000001604 0.026314799999999999303 0.076172400000000001219 0.019154000000000000886 0.024093900000000001427 0.026453399999999998443 0.029356099999999999556 0.06413969999999999394 0.086772799999999997156 0.21259500000000000619 0.13017500000000001292 0.087487400000000006828 0.035881099999999999106
0.37630799999999997585 0.25119500000000000162 0.29988100000000000867 0.54057100000000002371 0.3232920000000000238 0.31935599999999997323 0.45392399999999999416 0.39837600000000000788 0.44333800000000000985 0.47563899999999997847 0.49209399999999997588 0.61782400000000003981 0.59291099999999996584 0.58172900000000005161 0.50162399999999995881 0.50807500000000005436 0.5834690000000000154 0.58404400000000000759 0.50975800000000004442 0.50599199999999999733 0.41878799999999999359 0.51650300000000004541 0.51650300000000004541 0.48430800000000001626 0.34695999999999999064 0.48319899999999998963 0.22477300000000000058 0.21426899999999998725 0.26368599999999997596 0.24457599999999998786 0.10959099999999999397 0.05756939999999999974 0.06141979999999999662 0.06141979999999999662 0.043354799999999998894 0.021441200000000000536 0.024590100000000000152 0.026715400000000000258 0.02741520000000000068 0.069990899999999994785 0.092214400000000001922 0.11412999999999999534 0.21920000000000000595 0.1433419999999999972 0.079978099999999996417 0.031297199999999997244
0.31081799999999998319 0.22635099999999999665 0.32255099999999997662 0.50553999999999998938 0.34131699999999998152 0.26053999999999999382 0.46374700000000002031 0.55498800000000003685 0.59234399999999998165 0 0.54535000000000000142 0.56404799999999999383 0.46635399999999999077 0.43684800000000001408 0.52772099999999999564 0.57127499999999997726 0.57196800000000003195 0.63617800000000002125 0.63642100000000001447 0.6514370000000000438 0.50136999999999998234 0.5405809999999999782 0.5405809999999999782 0.44030700000000000394 0.3843670000000000142 0.42116500000000001158 0.23103799999999999337 0.32105400000000000604 0.38561099999999998156 0.27505899999999999794 0.2468720000000000081 0.16077700000000000324 0.11559899999999999343 0.11559899999999999343 0.048091399999999999426 0.044543800000000001449 0.032433799999999998742 0.02839250000000000107 0.015444100000000000536 0.037614399999999999225 0.066054000000000001602 0.094442899999999996297 0.15812599999999998879 0.1700399999999999967 0.084363300000000002177 0.037059399999999999287
0.34156999999999998474 0.23252000000000000446 0.39087800000000000322 0.55240999999999995662 0.3955119999999999747 0.24564900000000000624 0.4932869999999999755 0.49555300000000002125 0.60330700000000003769 0.54563499999999998114 0.59632600000000002272 0.65701600000000004442 0.45121499999999997721 0.41258600000000000829 0.49845000000000000417 0.54093899999999994765 0.51239000000000001211 0.46856300000000000727 0.54220900000000005203 0.59755599999999997607 0.66937199999999996702 0.55631799999999997919 0.55631799999999997919 0.46080900000000002414 0.37697900000000000853 0.43861600000000000588 0.2464570000000000094 0.30815500000000001224 0.36283799999999999386 0.23708299999999998819 0.23266800000000001369 0.20260500000000000731 0.13741900000000001336 0.13741900000000001336 0.072717599999999993354 0.05805969999999999881 0.043285600000000000465 0.032736500000000001709 0.024029999999999999277 0.027335600000000001564 0.056167200000000000459 0.10147899999999999976 0.14325499999999999345 0.15020300000000000318 0.10792899999999999716 0.045106899999999998385
0.35996400000000000619 0.25785700000000000287 0.36976700000000001234 0.49621799999999999242 0.3535539999999999794 0.20081499999999999351 0.58232200000000000628 0.55543900000000001604 0.62608799999999997787 0.68658099999999999685 0.60414900000000004709 0.56474000000000001975 0.44546000000000002261 0.52412999999999998479 0.49651899999999998814 0.522398000000000029 0.55362299999999997624 0.5147650000000000281 0.4250140000000000029 0.67801599999999995205 0.61989700000000003133 0.49647299999999999764 0.49647299999999999764 0.49988199999999999301 0.42731999999999997764 0.46868100000000001426 0.23612299999999999955 0.32831500000000002348 0.40456700000000000994 0.28492400000000001059 0.26197999999999999066 0.24746699999999999253 0.21806300000000000683 0.21806300000000000683 0.15580299999999999705 0.099030699999999999283 0.069694999999999993068 0.03311080000000000273 0.027699000000000001398 0.036554000000000003157 0.068940100000000004155 0.096144699999999999607 0.11982600000000000195 0.11355500000000000316 0.16590099999999999292 0.1158809999999999979
0.34233500000000000041 0.24918399999999998884 0.33783900000000000041 0.52032699999999998397 0.35681600000000002204 0.23456099999999999173 0.2441959999999999964 0.21837200000000001054 0.21589500000000000357 0.26505800000000001582 0.33321200000000000818 0.27475500000000002698 0.23911999999999999922 0.24191599999999999215 0.29569699999999998763 0.31758199999999997543 0.42868400000000000949 0.46100299999999999612 0.4754590000000000205 0.67187300000000005351 0.62165599999999998637 0.52975399999999994716 0.52975399999999994716 0.46727099999999999191 0.64107099999999994644 0.49466900000000002535 0.52612000000000003208 0.58761699999999994493 0.54409300000000004882 0.62405299999999996885 0.59210700000000004994 0.54666199999999998127 0.59174499999999996547 0.59174499999999996547 0.78362600000000004474 0.6839720000000000244 0.76651199999999997114 0.75409700000000001729 0.48676500000000000323 0.4937179999999999902 0.70958299999999996377 0.76194300000000003692 0.85628499999999996284 0.46558199999999999585 0.47897400000000001086 0.53660300000000005216
0.37979000000000001647 0.24496399999999998731 0.31852999999999997982 0.6062760000000000371 0.30321500000000001229 0.24286900000000000155 0.27573300000000000587 0.27202700000000001879 0.26446999999999998288 0.27842099999999997406 0.24564500000000000224 0.22223300000000001386 0.24787000000000000699 0.23015599999999999947 0.31314300000000000468 0.3353050000000000197 0.47282499999999999529 0.51856299999999999617 0.54711900000000002198 0.68790200000000001346 0.62056599999999995099 0.56794100000000002915 0.56794100000000002915 0.50453099999999995173 0.45617900000000000116 0.53063400000000005008 0.59837600000000001899 0.58339799999999997215 0.54365200000000002412 0.53369200000000005524 0.54204900000000000304 0.47703899999999999082 0.53936499999999998334 0.53936499999999998334 0.82192200000000004145 0.68166800000000005166 0.69154199999999999005 0.73858199999999996077 0.79946300000000003472 0.70860299999999998288 0.4080400000000000138 0.61361399999999999277 0.87576200000000004042 0.83620200000000000085 0.72087699999999999001 0.43407000000000001139
0.40725400000000000489 0.330380000000000007 0.33230799999999999228 0.55663499999999999091 0.28806300000000001349 0.28829900000000002747 0.41953800000000002202 0.47963299999999997603 0.26732899999999998331 0.2749780000000000002 0.31810699999999997312 0.26463500000000000911 0.19286800000000001165 0.19793299999999999783 0.26577299999999998148 0.25529200000000001891 0.45407199999999997564 0.51646000000000003016 0.68805199999999999694 0.618415000000000048 0.6487690000000000401 0.59026900000000004365 0.59026900000000004365 0.58597999999999994536 0.58823700000000000987 0.59896199999999999442 0.59288700000000005286 0.57653900000000002368 0.53551899999999996727 0.65953399999999995362 0.63231400000000004269 0.52412999999999998479 0.59469000000000005191 0.59469000000000005191 0.67528600000000005288 0.6143720000000000292 0.50656100000000003902 0.68376400000000003843 0.89348600000000000243 0.87756299999999998196 0.5910079999999999778 0.48185200000000000253 0.624967999999999968 0.79479200000000005399 0.86135300000000003529 0.41712599999999999678
0.43348799999999998445 0.45746500000000001052 0.46516099999999999115 0.63198100000000001497 0.31812099999999998712 0.29232599999999997475 0.31802500000000000213 0.28133299999999999974 0.25624000000000002331 0.31063800000000002521 0.32687199999999999589 0.2334890000000000021 0.20484800000000000231 0.28059800000000001408 0.33878399999999997405 0.31674499999999999877 0.52316200000000001591 0.51486399999999998833 0.64127699999999998592 0.61453400000000002468 0.69303800000000004289 0.8276379999999999848 0.8276379999999999848 0.72992800000000002125 0.76453800000000005088 0.6603590000000000293 0.66552500000000003322 0.5401880000000000015 0.59408399999999994545 0.51312299999999999578 0.55226200000000003065 0.50150600000000000733 0.60864899999999999558 0.60864899999999999558 0.6186779999999999502 0.50120200000000003637 0.30007400000000000739 0.34744199999999997308 0.51951000000000002732 0.85209699999999999331 0.75591699999999995008 0.62028000000000005354 0.43070000000000002727 0.69770500000000001961 0.88763999999999998458 0.8357360000000000344
0.25613700000000000356 0.27153500000000002634 0.32068699999999999983 0.37377199999999999314 0.53459999999999996412 0.37024000000000001354 0.27904800000000001825 0.23524600000000001065 0.2321940000000000115 0.34574899999999997302 0.35113499999999997492 0.31718699999999999672 0.20178799999999999515 0.26300899999999999279 0.34153600000000000625 0.38567699999999999205 0.59287999999999996259 0.63752399999999997959 0.5798149999999999693 0.73687800000000003298 0.79619200000000001083 0.81374500000000005162 0.81374500000000005162 0.69117300000000003735 0.73114000000000001211 0.61731199999999997186 0.56484199999999995523 0.54390700000000002934 0.69197799999999998199 0.6571540000000000159 0.59987100000000004307 0.47385500000000002618 0.66665900000000000158 0.66665900000000000158 0.78285800000000005383 0.68277799999999999603 0.59586499999999997801 0.55782900000000001928 0.47192099999999997939 0.7625680000000000236 0.78875700000000004142 0.866172000000000053 0.80037300000000000111 0.69310799999999994636 0.66296999999999994824 0.8361910000000000176
0.23263100000000000445 0.33290599999999997971 0.51758400000000004404 0.55008400000000001739 0.53676299999999999013 0.3879870000000000263 0.23812400000000000233 0.2178730000000000111 0.34428700000000000969 0.35162100000000001687 0.35812399999999999789 0.27495000000000002771 0.25900299999999998324 0.23892599999999999949 0.36784099999999997355 0.34938500000000000112 0.57027799999999995162 0.58350100000000004741 0.58518700000000001271 0.7446180000000000021 0.8384139999999999926 0.84816800000000003301 0.84816800000000003301 0.61621700000000001474 0.60165000000000001812 0.53891199999999994663 0.4991880000000000206 0.49832500000000001794 0.59114599999999994928 0.58817699999999994986 0.51788500000000003975 0.48102000000000000313 0.49045600000000000307 0.49045600000000000307 0.65439300000000000246 0.6625600000000000378 0.66848099999999999188 0.73952899999999999192 0.66991400000000000947 0.39784500000000000419 0.38288899999999997936 0.65925900000000003942 0.83520000000000005347 0.81184900000000004283 0.58722499999999999698 0.56198000000000003507
0.33178499999999999659 0.42614900000000000002 0.5473500000000000032 0.5897970000000000157 0.54593999999999998085 0.35497699999999998699 0.21846799999999999553 0.26049200000000000133 0.32220399999999999041 0.43262299999999997979 0.37562400000000001343 0.39501900000000000901 0.44392700000000001603 0.29063099999999997269 0.37397099999999999786 0.33610400000000001386 0.68943900000000002404 0.5807609999999999717 0.62023099999999997678 0.70489800000000002456 0.80634700000000003595 0.66286500000000003752 0.66286500000000003752 0.64850600000000002687 0.55994299999999996853 0.52187399999999994904 0.51168499999999994543 0.60686799999999996302 0.60816599999999998438 0.62895000000000000906 0.44137700000000001932 0.4102549999999999808 0.4527220000000000133 0.4527220000000000133 0.5125640000000000196 0.56583799999999995212 0.48576999999999997959 0.42931200000000002692 0.59548900000000004606 0.48894199999999998774 0.3522029999999999883 0.28860700000000000243 0.29753400000000002068 0.71639399999999997526 0.71697200000000005371 0.54774199999999995114
0.41473599999999999355 0.54127199999999997537 0.54195700000000002206 0.48724899999999998768 0.58324200000000003818 0.24143000000000000571 0.28633399999999997743 0.2696700000000000208 0.33859000000000000208 0.41376000000000001666 0.4040610000000000035 0.40921200000000002017 0.31814999999999998836 0.28802600000000000424 0.41057300000000002127 0.35284399999999999098 0.57312200000000002031 0.63924300000000000566 0.80289699999999997182 0.84593700000000005002 0.89533200000000001673 0.66851899999999997437 0.66851899999999997437 0.62869099999999999984 0.48490400000000000169 0.44347700000000001008 0.49106100000000002526 0.45686199999999999033 0.46654499999999998749 0.42901000000000000245 0.40021800000000001818 0.44939000000000001167 0.4677839999999999776 0.4677839999999999776 0.4857299999999999951 0.52203900000000003079 0.53000199999999997313 0.5544019999999999504 0.69485699999999994692 0.73586600000000002009 0.63080400000000003136 0.47600599999999998468 0.3031690000000000218 0.4459790000000000143 0.77428300000000005454 0.84591300000000002601
0.44766699999999998161 0.53770799999999996377 0.73119800000000001461 0.58864199999999999857 0.5866500000000000048 0.3584209999999999896 0.26659599999999999964 0.24221699999999998787 0.26122299999999998299 0.26508999999999999231 0.28858600000000000918 0.31065100000000001046 0.31570399999999998464 0.3410579999999999723 0.29029199999999999449 0.35391099999999997561 0.72509999999999996678 0.67956600000000000339 0.65056599999999997763 0.92191500000000004 0.89980899999999996997 0.82225300000000001166 0.82225300000000001166 0.7004449999999999843 0.50853999999999999204 0.48137299999999999534 0.45667999999999997485 0.50868299999999999628 0.58639799999999997482 0.56357599999999996587 0.50438099999999996825 0.40527000000000001911 0.43961000000000000076 0.43961000000000000076 0.50748199999999998866 0.46304499999999998439 0.52176100000000003032 0.61626499999999995172 0.62047499999999999876 0.6534959999999999658 0.68263099999999998779 0.68763900000000000023 0.48734199999999999742 0.249995999999999996 0.28251500000000001611 0.61041599999999995863
0.74595900000000003871 0.57086199999999998056 0.5840020000000000211 0.60344900000000001317 0.47556700000000001749 0.41328900000000001747 0.60232499999999999929 0.61889899999999997693 0.40563399999999999457 0.40413700000000002399 0.26846900000000001318 0.34047199999999999687 0.60096300000000002495 0.4549009999999999998 0.56594400000000000261 0.52652600000000004954 0.77489300000000005397 0.78908699999999998287 0.85667000000000004256 0.69853799999999999226 0.67472299999999996167 0.4830780000000000074 0.4830780000000000074 0.47143299999999999095 0.42958899999999999864 0.49492999999999998106 0.47527000000000002577 0.43320500000000000673 0.52499899999999999345 0.5598360000000000003 0.45735399999999998277 0.48552299999999998237 0.45743699999999998251 0.45743699999999998251 0.49026599999999997959 0.54767999999999994465 0.51407000000000002693 0.60605399999999998162 0.53504499999999999282 0.50700199999999995271 0.49888900000000002688 0.68506800000000001027 0.64468199999999997729 0.60685100000000002929 0.57483499999999998487 0.54051300000000002122
0.69548100000000001586 0.64126199999999999868 0.74649299999999996214 0.72167999999999998817 0.50780300000000000438 0.63189200000000000923 0.37872800000000000908 0.32802100000000000701 0.31619599999999997708 0.36746200000000001085 0.30524800000000001932 0.36681399999999997341 0.34171000000000001373 0.3812840000000000118 0.29344500000000001139 0.30337900000000000977 0.56406500000000003858 0.59606000000000003425 0.75061999999999995392 0.70318300000000000249 0.50658800000000003827 0.48812699999999997758 0.48812699999999997758 0.61097800000000002107 0.41130899999999998018 0.45773700000000000498 0.45831300000000002592 0.39444299999999998807 0.42039700000000002067 0.61478299999999996839 0.48514400000000001967 0.53887399999999996414 0.39496700000000001252 0.39496700000000001252 0.49522199999999999553 0.60129999999999994564 0.44072400000000000464 0.45472899999999999432 0.49855100000000002192 0.46300000000000002265 0.37609199999999998187 0.51448899999999997412 0.57280399999999997984 0.59681399999999995565 0.46904600000000001847 0.38920100000000001916
0.70350500000000004697 0.68755500000000002725 0.67153399999999996428 0.75214300000000000601 0.62392300000000000537 0.60877000000000003332 0.39148500000000002741 0.30496499999999998609 0.31248700000000001475 0.32307200000000002582 0.33630300000000001859 0.37586300000000000265 0.30897700000000000164 0.29349399999999997712 0.30932500000000001661 0.31535699999999999843 0.61453999999999997517 0.67441600000000001547 0.78850299999999995393 0.59707500000000002238 0.54810300000000000686 0.46186800000000000077 0.46186800000000000077 0.59906700000000001616 0.47509499999999998954 0.39598200000000000065 0.46827800000000002756 0.44041200000000002568 0.40487200000000000966 0.5124619999999999731 0.52013699999999996049 0.54336600000000001565 0.40700799999999998091 0.40700799999999998091 0.5152400000000000313 0.48917599999999999971 0.38195499999999998897 0.37410500000000002085 0.39709899999999997977 0.40487400000000001166 0.34343200000000001504 0.36498799999999997912 0.46275699999999997392 0.45463199999999998058 0.3624999999999999889 0.33751700000000001145
0.70944600000000002105 0.69919399999999998219 0.7771909999999999652 0.7450409999999999533 0.61603200000000002401 0.48808099999999998708 0.31835200000000002385 0.35369899999999998563 0.37769599999999997619 0.45909100000000002684 0.54921699999999995523 0.49278899999999997705 0.36936900000000000288 0.36979499999999998483 0.47573999999999999622 0.45570199999999999596 0.63673800000000002619 0.6884080000000000199 0.66541200000000000347 0.57791800000000004278 0.47764099999999998225 0.45934399999999997455 0.45934399999999997455 0.39930199999999999028 0.42424800000000001399 0.51461800000000001987 0.44831500000000001904 0.5674069999999999947 0.4638390000000000013 0.4370890000000000053 0.39317299999999999471 0.53636899999999998467 0.4651359999999999939 0.4651359999999999939 0.53109799999999995901 0.40638499999999999623 0.35787499999999999867 0.46972900000000000764 0.426385000000000014 0.37197999999999997733 0.31212499999999998579 0.33389900000000000135 0.33840500000000001135 0.33204000000000000181 0.33445599999999997554 0.44962999999999997414
0.69381099999999995553 0.67552800000000001734 0.77307800000000004292 0.62073800000000001198 0.67681199999999996919 0.62188200000000004586 0.36670500000000000318 0.49026700000000000834 0.54965399999999997593 0.57169800000000003948 0.53819499999999997897 0.50300699999999998191 0.47315600000000002101 0.52828699999999995107 0.44265999999999999792 0.3879730000000000123 0.5789809999999999679 0.64664299999999996782 0.66447699999999998433 0.54591599999999995685 0.50121999999999999886 0.47992000000000001325 0.47992000000000001325 0.37434800000000001408 0.37194800000000000084 0.48942799999999997418 0.56395399999999995533 0.52259299999999997421 0.4700349999999999806 0.43694399999999999906 0.35451300000000002255 0.44877400000000000624 0.38984999999999997433 0.38984999999999997433 0.48728399999999999492 0.45375999999999999668 0.35582399999999997364 0.42699900000000001743 0.42483300000000001617 0.39519700000000002049 0.31287900000000001821 0.44535799999999997612 0.40615600000000001701 0.41208699999999998109 0.42037200000000002342 0.37440099999999998381
