Data/peta/Muara Sekalo raster probability map v4.asc
ncols        54
nrows        44
xllcorner    215689.189391530934
yllcorner    9860890.538188170642
cellsize     100.000000000000
NODATA_value  -9999
[rows 22 to 43 of 44, columns 0 to 48 of 54]
-9999 -9999 -9999 -9999 -9999 -9999 -9999 0.63582497835159301758 0.67120599746704101562 0.86983799934387207031 0.93068498373031616211 0.90036702156066894531 0.78854101896286010742 0.63708800077438354492 0.56148201227188110352 0.70927000045776367188 0.59585499763488769531 0.66983598470687866211 0.83017200231552124023 0.96323597431182861328 0.92839998006820678711 0.80914598703384399414 0.71333998441696166992 0.74912399053573608398 0.81655901670455932617 0.80190098285675048828 0.7061100006103515625 0.7061100006103515625 0.7061100006103515625 0.62390601634979248047 0.79299300909042358398 0.74779099225997924805 0.58510100841522216797 0.28108099102973937988 0.46853101253509521484 0.3924840092658996582 0.50008499622344970703 0.46161299943923950195 0.24874000251293182373 0.45646300911903381348 -9999 -9999 -9999 -9999 -9999 -9999 -9999 -9999 -9999
-9999 -9999 -9999 -9999 -9999 -9999 -9999 0.9382680058479309082 0.7688840031623840332 0.8464940190315246582 0.8371480107307434082 0.71923798322677612305 0.61642402410507202148 0.63600802421569824219 0.71563100814819335938 0.75087797641754150391 0.65864002704620361328 0.68103200197219848633 0.76408797502517700195 0.87402999401092529297 0.93471997976303100586 0.8447170257568359375 0.92890298366546630859 0.89355200529098510742 0.91813302040100097656 0.71172100305557250977 0.85496997833251953125 0.85496997833251953125 0.85496997833251953125 0.83167701959609985352 0.97802597284317016602 0.64948797225952148438 0 0.76750397682189941406 0.51404798030853271484 0.49650898575782775879 0.31817001104354858398 0.28481900691986083984 0.28081101179122924805 0.3458079993724822998 0.45888501405715942383 -9999 -9999 -9999 -9999 -9999 -9999 -9999 -9999
-9999 -9999 -9999 -9999 -9999 -9999 -9999 0.9382680058479309082 0.7688840031623840332 0.8464940190315246582 0.8371480107307434082 0.71923798322677612305 0.61642402410507202148 0.63600802421569824219 0.71563100814819335938 0.75087797641754150391 0.65864002704620361328 0.68103200197219848633 0.76408797502517700195 0.87402999401092529297 0.93471997976303100586 0.8447170257568359375 0.92890298366546630859 0.89355200529098510742 0.91813302040100097656 0.71172100305557250977 0.85496997833251953125 0.85496997833251953125 0.85496997833251953125 0.83167701959609985352 0.97802597284317016602 0.64948797225952148438 0 0.76750397682189941406 0.51404798030853271484 0.49650898575782775879 0.31817001104354858398 0.28481900691986083984 0.28081101179122924805 0.3458079993724822998 0.45888501405715942383 -9999 -9999 -9999 -9999 -9999 -9999 -9999 -9999
-9999 -9999 -9999 -9999 -9999 -9999 -9999 -9999 0.82935202121734619141 0.75768297910690307617 0.69032901525497436523 0.72763800621032714844 0.69602102041244506836 0.69483900070190429688 0.78879702091217041016 0.76908600330352783203 0.5965290069580078125 0.80575197935104370117 0.78393000364303588867 0.83691900968551635742 0.95718598365783691406 0.87334197759628295898 0.95861101150512695312 0.96161901950836181641 0.93977499008178710938 0.7766240239143371582 0.84954297542572021484 0.84954297542572021484 0.84954297542572021484 0.74785697460174560547 0.77683299779891967773 0.77500802278518676758 0.78795099258422851562 0.47838699817657470703 0.65262299776077270508 0.52190500497817993164 0.3709850013256072998 0.57502901554107666016 0.54478102922439575195 0.56338697671890258789 0.47337800264358520508 -9999 -9999 -9999 -9999 -9999 -9999 -9999 -9999
-9999 -9999 -9999 -9999 -9999 -9999 -9999 -9999 -9999 0.50675100088119506836 0.59685701131820678711 0.67814302444458007812 0.65824401378631591797 0.68778097629547119141 0.80350798368453979492 0.79594498872756958008 0.69207197427749633789 0.77057999372482299805 0.77576100826263427734 0.95127797126770019531 0.9633910059928894043 0.90558797121047973633 0.92176300287246704102 0.91931200027465820312 0.86934399604797363281 0.87340497970581054688 0.82931697368621826172 0.82931697368621826172 0.82931697368621826172 0.55890798568725585938 0.74693799018859863281 0.78066998720169067383 0.72017300128936767578 0.57855397462844848633 0.56789898872375488281 0.49227300286293029785 0.59270697832107543945 0.61536902189254760742 0.54534500837326049805 0.57356601953506469727 0.55859297513961791992 0.46127998828887939453 -9999 -9999 -9999 -9999 -9999 -9999 -9999
-9999 -9999 -9999 -9999 -9999 -9999 -9999 -9999 -9999 -9999 0.62635499238967895508 0.57166999578475952148 0.5323759913444519043 0.59171199798583984375 0.69150298833847045898 0.78041100502014160156 0.763751983642578125 0.6368579864501953125 0.85193800926208496094 0.94113701581954956055 0.97366797924041748047 0.97355401515960693359 0.92480498552322387695 0.90163600444793701172 0.90073698759078979492 0.91218197345733642578 0.69922399520874023438 0.69922399520874023438 0.69922399520874023438 0.69743400812149047852 0.70692902803421020508 0.70449399948120117188 0.77225500345230102539 0.72616499662399291992 0.66756397485733032227 0.51240098476409912109 0.38060700893402099609 0.53165400028228759766 0.55547499656677246094 0.57828998565673828125 0.55719602108001708984 0.48326200246810913086 -9999 -9999 -9999 -9999 -9999 -9999 -9999
-9999 -9999 -9999 -9999 -9999 -9999 -9999 -9999 -9999 -9999 -9999 0.58292800188064575195 0.62815701961517333984 0.76054298877716064453 0.81802397966384887695 0.73149502277374267578 0.71463102102279663086 0.76213502883911132812 0.84917700290679931641 0.98281198740005493164 0.94667297601699829102 0.92342001199722290039 0.93034201860427856445 0.9299380183219909668 0.7822239995002746582 0.90180802345275878906 0.88667601346969604492 0.88667601346969604492 0.88667601346969604492 0.64197301864624023438 0.76102501153945922852 0.72455698251724243164 0.66858500242233276367 0.64284801483154296875 0.53999000787734985352 0.58496397733688354492 0.48084500432014465332 0.47060400247573852539 0.3212839961051940918 0.503170013427734375 0.62421000003814697266 0.56575000286102294922 0.50074499845504760742 -9999 -9999 -9999 -9999 -9999 -9999
-9999 -9999 -9999 -9999 -9999 -9999 -9999 -9999 -9999 -9999 -9999 -9999 0.82400000095367431641 0.79093599319458007812 0.73724502325057983398 0.62409502267837524414 0.6081879734992980957 0.59408199787139892578 0.72680902481079101562 0.96177202463150024414 0.98957401514053344727 0.93360602855682373047 0.9151700139045715332 0.93020999431610107422 0.82749897241592407227 0.84474700689315795898 0.84780299663543701172 0.84780299663543701172 0.84780299663543701172 0.60540300607681274414 0.66606801748275756836 0.78872901201248168945 0.4273509979248046875 0.35027700662612915039 0.57950997352600097656 0.49123400449752807617 0.5699380040168762207 0.53096997737884521484 0.37721800804138183594 0.48778998851776123047 0.47518101334571838379 0.59757798910140991211 0.47591999173164367676 -9999 -9999 -9999 -9999 -9999 0.30336099863052368164
-9999 -9999 -9999 -9999 -9999 -9999 -9999 -9999 -9999 -9999 -9999 -9999 -9999 0.57129901647567749023 0.71413201093673706055 0.68106001615524291992 0.53235697746276855469 0.75084400177001953125 0.85591101646423339844 0.96897399425506591797 0.9202899932861328125 0.8330860137939453125 0.92504900693893432617 0.89235997200012207031 0.91545897722244262695 0.85310202836990356445 0.94490700960159301758 0.94490700960159301758 0.94490700960159301758 0.9075679779052734375 0.74480700492858886719 0.39510500431060791016 0.47166600823402404785 0.41224700212478637695 0.66156202554702758789 0.51956897974014282227 0.54147100448608398438 0.41811698675155639648 0.48694199323654174805 0.55801099538803100586 0.58297002315521240234 0.61360698938369750977 0.52774399518966674805 -9999 -9999 -9999 0.66959500312805175781 0.38978299498558044434 0.35992199182510375977
-9999 -9999 -9999 -9999 -9999 -9999 -9999 -9999 -9999 -9999 -9999 -9999 -9999 -9999 0.74664300680160522461 0.89010101556777954102 0.7675330042839050293 0.64940398931503295898 0.88651001453399658203 0.97300797700881958008 0.94978201389312744141 0.92496597766876220703 0.83124500513076782227 0.83000701665878295898 0.82647997140884399414 0.69312101602554321289 0.73090898990631103516 0.73090898990631103516 0.73090898990631103516 0.79870200157165527344 0.86742997169494628906 0.40414899587631225586 0.53346997499465942383 0.48378598690032958984 0.75533002614974975586 0.57538300752639770508 0.42059499025344848633 0.51735901832580566406 0.50689202547073364258 0.4921500086784362793 0.50823897123336791992 0.66420698165893554688 0.70985502004623413086 -9999 0.58784002065658569336 -9999 -9999 0.33126199245452880859 0.46398600935935974121
-9999 -9999 -9999 -9999 -9999 -9999 -9999 -9999 -9999 -9999 -9999 -9999 -9999 -9999 -9999 -9999 0.59854900836944580078 0.58345800638198852539 0.67869997024536132812 0.88486498594284057617 0.83980202674865722656 0.69875901937484741211 0.58309900760650634766 0.75966101884841918945 0.80572199821472167969 0.55846697092056274414 0.63146501779556274414 0.63146501779556274414 0.63146501779556274414 0.7671210169792175293 0.7810580134391784668 0.67772001028060913086 0.74649900197982788086 0.44165399670600891113 0.43818798661231994629 0.43733000755310058594 0.35255199670791625977 0.54394698143005371094 0.52433699369430541992 0.37352401018142700195 0.56238800287246704102 0.63767302036285400391 0.63369297981262207031 0.46915900707244873047 0.42034101486206054688 0.40700799226760864258 0.4457759857177734375 0.38509500026702880859 0.31772398948669433594
-9999 -9999 -9999 -9999 -9999 -9999 -9999 -9999 -9999 -9999 -9999 -9999 -9999 -9999 -9999 -9999 -9999 0.730998992919921875 0.62408900260925292969 0.79104697704315185547 0.79716002941131591797 0.78048700094223022461 0.51811397075653076172 0.66972100734710693359 0.77757400274276733398 0.73430299758911132812 0.6421489715576171875 0.6421489715576171875 0.6421489715576171875 0.78084397315979003906 0.89490801095962524414 0.89089697599411010742 0.79164302349090576172 0.41933500766754150391 0.32612499594688415527 0.46070298552513122559 0.40228199958801269531 0.63097900152206420898 0.34760001301765441895 0.53816998004913330078 0.76693701744079589844 0.72504198551177978516 0.65300899744033813477 0.41344499588012695312 0.65400600433349609375 0.68817001581192016602 0.63840299844741821289 0.43410900235176086426 0.30393400788307189941
-9999 -9999 -9999 -9999 -9999 -9999 -9999 -9999 -9999 -9999 -9999 -9999 -9999 -9999 -9999 -9999 -9999 -9999 0.73597502708435058594 0.82789498567581176758 0.86985599994659423828 0.70019000768661499023 0.55568897724151611328 0.6688010096549987793 0.73429602384567260742 0.72759401798248291016 0.72939699888229370117 0.72939699888229370117 0.72939699888229370117 0.78621500730514526367 0.69298797845840454102 0.81230199337005615234 0.8162059783935546875 0.4974409937858581543 0.35618299245834350586 0.53740698099136352539 0.29644998908042907715 0.55440098047256469727 0.40287300944328308105 0.27957099676132202148 0.68830400705337524414 0.63770002126693725586 0.61244499683380126953 0.42221000790596008301 0.38306200504302978516 0.59180200099945068359 0.54371601343154907227 0.61163300275802612305 0.60023897886276245117
-9999 -9999 -9999 -9999 -9999 -9999 -9999 -9999 -9999 -9999 -9999 -9999 -9999 -9999 -9999 -9999 -9999 -9999 -9999 0.92352497577667236328 0.84217602014541625977 0.63943499326705932617 0.62946802377700805664 0.64340001344680786133 0.74679398536682128906 0.78461802005767822266 0.71981799602508544922 0.71981799602508544922 0.71981799602508544922 0.74464398622512817383 0.65721201896667480469 0.8355299830436706543 0.79043400287628173828 0.57460397481918334961 0.65163302421569824219 0.55507802963256835938 0.4305000007152557373 0.37612301111221313477 0.4949289858341217041 0.49865201115608215332 0.68291097879409790039 0.54652601480484008789 0.33346199989318847656 0.35410198569297790527 0.68004697561264038086 0.55927199125289916992 0.52373397350311279297 0.63357901573181152344 0.65385401248931884766
-9999 -9999 -9999 -9999 -9999 -9999 -9999 -9999 -9999 -9999 -9999 -9999 -9999 -9999 -9999 -9999 -9999 -9999 -9999 -9999 -9999 -9999 0.62755602598190307617 0.63325601816177368164 0.79829698801040649414 0.67697602510452270508 0.61677098274230957031 0.61677098274230957031 0.61677098274230957031 0.78083902597427368164 0.58479899168014526367 0.75726598501205444336 0.7922840118408203125 0.60914701223373413086 0.60009598731994628906 0.53521901369094848633 0.59661000967025756836 0.60588002204895019531 0.75429302453994750977 0.75335401296615600586 0.64625197649002075195 0.52241700887680053711 0.3762969970703125 0.3864319920539855957 0.65668201446533203125 0.58964401483535766602 0.47300198674201965332 0.32411599159240722656 0.72214299440383911133
-9999 -9999 -9999 -9999 -9999 -9999 -9999 -9999 -9999 -9999 -9999 -9999 -9999 -9999 -9999 -9999 -9999 -9999 -9999 -9999 -9999 -9999 -9999 -9999 -9999 0.68868297338485717773 0.73774397373199462891 0.73774397373199462891 0.73774397373199462891 0.66320598125457763672 0.58917701244354248047 0.6916319727897644043 0.6147009730339050293 0.45833998918533325195 0.46611601114273071289 0.64200997352600097656 0.51715600490570068359 0.64245402812957763672 0.82422900199890136719 0.79686397314071655273 0.62455797195434570312 0.62978500127792358398 0.34739199280738830566 0.42556500434875488281 0.57371401786804199219 0.63593602180480957031 0.50952798128128051758 0.44470301270484924316 0.39253398776054382324
-9999 -9999 -9999 -9999 -9999 -9999 -9999 -9999 -9999 -9999 -9999 -9999 -9999 -9999 -9999 -9999 -9999 -9999 -9999 -9999 -9999 -9999 -9999 -9999 -9999 -9999 0.72311598062515258789 0.72311598062515258789 0.72311598062515258789 0.64013200998306274414 0.59086602926254272461 0.67870897054672241211 0.66231000423431396484 0.5723749995231628418 0.61977201700210571289 0.69172501564025878906 0.54719901084899902344 0.57695901393890380859 0.80348998308181762695 0.74720400571823120117 0.62330800294876098633 0.35089498758316040039 0.37063100934028625488 0.56442099809646606445 0.57277798652648925781 0.40902099013328552246 0.52819401025772094727 0.54025602340698242188 0.50928300619125366211
-9999 -9999 -9999 -9999 -9999 -9999 -9999 -9999 -9999 -9999 -9999 -9999 -9999 -9999 -9999 -9999 -9999 -9999 -9999 -9999 -9999 -9999 -9999 -9999 -9999 -9999 -9999 -9999 -9999 0.64384400844573974609 0.65416598320007324219 0.67202800512313842773 0.66246801614761352539 0.59912002086639404297 0.54669100046157836914 0.65709400177001953125 0.49838799238204956055 0.53551501035690307617 0.74146598577499389648 0.66341900825500488281 0.62586098909378051758 0.40633699297904968262 0.36799898743629455566 0.55810600519180297852 0.51795899868011474609 0.38604399561882019043 0.38551500439643859863 -9999 -9999
-9999 -9999 -9999 -9999 -9999 -9999 -9999 -9999 -9999 -9999 -9999 -9999 -9999 -9999 -9999 -9999 -9999 -9999 -9999 -9999 -9999 -9999 -9999 -9999 -9999 -9999 -9999 -9999 -9999 0.55484598875045776367 0.59462600946426391602 0.63798797130584716797 0.66669601202011108398 0.63189500570297241211 0.53974997997283935547 0.50222802162170410156 0.37535399198532104492 0.48093199729919433594 0.57725101709365844727 0.55574202537536621094 0.62523698806762695312 0.36704900860786437988 0.37372800707817077637 0.59264099597930908203 0.52006399631500244141 0.28997001051902770996 0.40578800439834594727 -9999 -9999
-9999 -9999 -9999 -9999 -9999 -9999 -9999 -9999 -9999 -9999 -9999 -9999 -9999 -9999 -9999 -9999 -9999 -9999 -9999 -9999 -9999 -9999 -9999 -9999 -9999 -9999 -9999 -9999 -9999 -9999 0.56514501571655273438 0.58067899942398071289 0.70334202051162719727 0.55674499273300170898 0.48192900419235229492 0.43472298979759216309 0.39776900410652160645 0.43206098675727844238 0.44855898618698120117 0.58761900663375854492 0.3498370051383972168 0.46693000197410583496 0.58727699518203735352 0.50250297784805297852 0.49985298514366149902 -9999 -9999 -9999 -9999
-9999 -9999 -9999 -9999 -9999 -9999 -9999 -9999 -9999 -9999 -9999 -9999 -9999 -9999 -9999 -9999 -9999 -9999 -9999 -9999 -9999 -9999 -9999 -9999 -9999 -9999 -9999 -9999 -9999 -9999 -9999 0.63480401039123535156 0.69554901123046875 0.60601598024368286133 0.46956399083137512207 0.76508200168609619141 0.58941602706909179688 0.41273099184036254883 0.6907380223274230957 0.49229499697685241699 0.50236397981643676758 0.83859801292419433594 0.8784440159797668457 0.85979598760604858398 -9999 -9999 -9999 -9999 -9999
-9999 -9999 -9999 -9999 -9999 -9999 -9999 -9999 -9999 -9999 -9999 -9999 -9999 -9999 -9999 -9999 -9999 -9999 -9999 -9999 -9999 -9999 -9999 -9999 -9999 -9999 -9999 -9999 -9999 -9999 -9999 -9999 0.69619101285934448242 0.68618500232696533203 0.5564829707145690918 0.77202600240707397461 0.34367701411247253418 0.54568499326705932617 0.54490798711776733398 0.54830002784729003906 0.63895499706268310547 0.82662200927734375 0.78781598806381225586 -9999 -9999 -9999 -9999 -9999 -9999
