Data/peta/Muara Sekalo Suo Suo - raster probability map_v1.asc
ncols        244
nrows        159
xllcorner    215689.189391530934
yllcorner    9860167.312381720170
cellsize     100.000000000000
NODATA_value  -9999
[rows 105 to 125 of 159, columns 92 to 137 of 244]
0.75278599999999995518 0.60125700000000004142 0.70922399999999996556 0.60455599999999998229 0.60455599999999998229 0.68597799999999997667 0.59837200000000001499 0.44080200000000002714 0.20834199999999999942 0.29312799999999999967 0.59608499999999997598 0.74792000000000002924 0.72998099999999999099 0.80172500000000002096 0.80231799999999997564 0.86186099999999998822 0.80557999999999996277 0.86055400000000004113 0.90784500000000001307 0.83058200000000004248 0.80793400000000004102 0.84478299999999995062 0.76213299999999994938 0.83589100000000005064 0.71125899999999997458 0.6817130000000000134 0.76941099999999995607 0.88064600000000003988 0.86135200000000000653 0.82790799999999997727 0.82790799999999997727 0.84261799999999997812 0.8182209999999999761 0.70389500000000004842 0.7807429999999999648 0.84529200000000004334 0.85276899999999999924 0.82604299999999997173 0.79831499999999999684 0.81182799999999999407 0.77037500000000003197 0.65387700000000004152 0.7083469999999999489 0.86349900000000001654 0.656221999999999972 0.91400000000000003464
0.69101500000000004587 0.68867400000000000837 0.60054899999999999949 0.70065399999999999903 0.70065399999999999903 0.56076599999999998669 0.58244099999999998651 0.57935700000000001086 0.31688499999999997225 0.42608000000000001428 0.57319200000000003481 0.67387099999999999778 0.83218700000000001005 0.87695199999999995377 0.78569999999999995399 0.86388799999999998924 0.85295399999999998997 0.87048499999999995325 0.90958399999999994812 0.78830800000000000871 0.70387299999999997091 0.77416300000000004555 0.85787500000000005418 0.86394899999999996698 0.82488600000000000811 0.79301900000000002944 0.80709600000000003561 0.7121070000000000455 0.76790599999999997749 0.83278300000000005099 0.83278300000000005099 0.83448900000000003629 0.87559399999999998343 0.69640400000000002301 0.65161999999999997701 0.72202399999999999913 0.83762599999999998168 0.82657099999999994466 0.66184200000000004138 0.72077899999999994751 0.82913099999999995138 0.808018000000000014 0.9356659999999999977 0.89310500000000003773 0.87910299999999996778 0.93459099999999994957
0.39952700000000002101 0.60277700000000000724 0.71731299999999997841 0.852609999999999979 0.852609999999999979 0.77780199999999999338 0.76787799999999994949 0.66478599999999998804 0.48181299999999999129 0.46205000000000001625 0.50373000000000001108 0.55833200000000005048 0.74046500000000003983 0.82488700000000003687 0.87090000000000000746 0.86206599999999999895 0.8910139999999999727 0.87164799999999997837 0.81023599999999995624 0.79069800000000001194 0.84228999999999998316 0.85647899999999999032 0.846045000000000047 0.82645699999999999719 0.80230999999999996763 0.83670599999999994978 0.84980999999999995431 0.81652999999999997804 0.7674990000000000423 0.83821900000000004738 0.83821900000000004738 0.77247100000000001874 0.84513599999999999834 0.81054099999999995596 0.71578200000000002934 0.6983000000000000318 0.69325400000000003686 0.67200099999999995948 0.75635699999999994603 0.95051799999999997404 0.94402500000000000302 0.93010800000000004584 0.88451100000000004719 0.92265399999999997416 0.9543979999999999686 0.91960600000000003451
0.58232099999999997753 0.70840999999999998415 0.7218809999999999949 0.857071999999999945 0.857071999999999945 0.76558300000000001351 0.77012599999999997724 0.72846400000000000041 0.54614700000000004909 0.3253969999999999918 0.28180399999999999894 0.24800300000000000122 0.5486309999999999798 0.75016599999999999948 0.87812100000000004041 0.78133399999999997299 0.72166600000000002968 0.77733799999999997343 0.6000119999999999898 0.77084799999999997766 0.76262399999999996858 0.79923699999999997523 0.82995699999999994478 0.84406899999999995821 0.86681900000000000617 0.85257899999999997576 0.85122399999999998066 0.8519060000000000521 0.80624099999999998545 0.84100900000000000656 0.84100900000000000656 0.87342200000000003168 0.76970700000000003005 0.87931599999999998651 0.87381799999999998363 0.82573900000000000077 0.75927599999999995095 0.70971300000000003827 0.95503700000000002479 0.99314599999999997326 0.9751260000000000483 0.91515000000000001901 0.86977300000000001834 0.91124799999999994693 0.93497799999999997578 0.90515100000000003888
0.77598400000000000709 0.69877699999999998148 0.72201599999999999113 0.78845299999999995944 0.78845299999999995944 0.71218800000000004324 0.78917300000000001337 0.80813599999999996548 0.61586499999999999577 0.47265200000000001657 0.28720099999999998408 0.27783700000000000063 0.28069199999999999706 0.61458100000000004393 0.839416000000000051 0.54601200000000005286 0.698791000000000051 0.70237000000000004984 0.66466300000000000381 0.57194800000000001194 0.71652099999999996349 0.81175699999999995082 0.81818100000000004712 0.84018099999999995564 0.81896000000000002128 0.76357200000000002849 0.81445299999999998253 0.79357800000000000562 0.75643800000000005479 0.86865800000000004122 0.86865800000000004122 0.73354299999999994508 0.69715199999999999392 0.7433330000000000215 0.81253799999999998249 0.85497800000000001575 0.85052099999999997149 0.97197400000000000464 0.86921000000000003816 0.98081799999999996764 0.96720099999999997742 0.9749959999999999738 0.94371099999999996655 0.88499600000000000488 0.91787499999999999645 0.86216199999999998393
0.84604000000000001425 0.49808599999999997321 0.41525699999999998724 0.72378200000000003644 0.72378200000000003644 0.74935700000000005083 0.82352300000000000502 0.85212500000000002132 0.5941189999999999527 0.56565200000000004366 0.40691800000000000193 0.41728399999999998826 0.14611799999999999788 0.31880100000000000104 0.63159900000000002152 0.52401699999999995505 0.55715700000000001335 0.66590000000000004743 0.69785500000000000309 0.59720300000000003937 0.73831299999999999706 0.81848699999999996457 0.73520700000000005492 0.6839399999999999924 0.72412299999999996114 0.74526700000000001278 0.75741499999999994941 0.81293999999999999595 0.83826000000000000512 0.88424000000000002597 0.88424000000000002597 0.88122699999999998255 0.81219699999999994677 0.84652700000000002944 0.85927500000000001101 0.73496600000000000819 0.95650199999999996336 0.95304800000000000626 0.97115499999999999048 0.96969700000000003115 0.98625499999999999279 0.98999199999999998312 0.96003899999999997572 0.94842800000000004879 0.95631800000000000139 0.84311400000000003008
0.70692900000000002958 0.51872499999999999165 0.30611199999999999521 0.40433200000000002472 0.40433200000000002472 0.4433770000000000211 0.62080299999999999372 0.85440099999999996605 0.854872999999999994 0.73634900000000003129 0.62333799999999994768 0.56532000000000004469 0.25471700000000002673 0.3420560000000000267 0.54018299999999996874 0.54132199999999996987 0.57083700000000003882 0.69070500000000001339 0.60571099999999999941 0.71267899999999995142 0.71788399999999996659 0.6682209999999999539 0.60880900000000004457 0.68063700000000004753 0.80125699999999999701 0.76580099999999995397 0.85968999999999995421 0.8360769999999999591 0.82447599999999998666 0.82656799999999996942 0.82656799999999996942 0.86013899999999998691 0.86303399999999996783 0.87515399999999998748 0.82556600000000002204 0.90256300000000000416 0.93401500000000003965 0.96165500000000003755 0.94236600000000003696 0.98350400000000004486 0.95827899999999999192 0.982152000000000025 0.92029899999999997817 0.87717999999999995975 0.93412399999999995437 0.95886400000000004962
0.2562840000000000118 0.30842199999999997395 0.38852799999999998448 0.31204999999999999405 0.31204999999999999405 0.22145200000000000995 0.57484400000000002162 0.46339399999999997259 0.50007299999999998974 0.77771599999999996289 0.63210200000000005272 0.63932299999999997464 0.40763399999999999634 0.35929800000000000626 0.29569200000000001038 0.39394400000000001638 0.50380700000000000482 0.45228499999999999259 0.53784200000000004227 0.76850799999999996892 0.57126999999999994451 0.70950999999999997403 0.64182499999999997886 0.62295900000000004049 0.69952099999999994839 0.66661099999999995358 0.77784799999999998388 0.79939999999999999947 0.68397900000000000365 0.80234000000000005315 0.80234000000000005315 0.79417000000000004256 0.79101699999999997015 0.79136399999999995636 0.78647100000000003117 0.937455999999999956 0.96155900000000005257 0.98213399999999995149 0.97876200000000002088 0.98249399999999997846 0.95163100000000000467 0.98190500000000002778 0.92407799999999995499 0.84759899999999999132 0.87397199999999997111 0.8093329999999999691
0.35390800000000000036 0.51718100000000000183 0.49008400000000001961 0.31510399999999999521 0.31510399999999999521 0.17710799999999998766 0.25009799999999998699 0.28876899999999999791 0.4701089999999999991 0.80813699999999999424 0.78341000000000005077 0.59616599999999997372 0.41691699999999998205 0.3705820000000000225 0.31175700000000000633 0.34498499999999998611 0.46186300000000002353 0.35883300000000001306 0.4125079999999999858 0.66081100000000003725 0.63305699999999998084 0.62149500000000001965 0.72753299999999998526 0.74152700000000004721 0.75339000000000000412 0.71692000000000000171 0.81389299999999997759 0.8624819999999999709 0.68970299999999995499 0.73837200000000002831 0.73837200000000002831 0.79298299999999999343 0.77841899999999997206 0.80612200000000000522 0.75197000000000002728 0.93563499999999999446 0.95165399999999999991 0.96585100000000001508 0.96695299999999995144 0.98238700000000001022 0.91388999999999998014 0.9040930000000000355 0.93432300000000001461 0.79837400000000002809 0.88917500000000004867 0.85210600000000003007
0.54041600000000000747 0.36436899999999999844 0.27864499999999997604 0.34841899999999997872 0.34841899999999997872 0.28237000000000000988 0.23691599999999998771 0.17880999999999999672 0.33342399999999999816 0.45112600000000002698 0.7039269999999999694 0.444265000000000021 0.42162100000000002353 0.49338399999999998924 0.43898199999999998333 0.33280500000000001748 0.24959999999999998854 0.25100400000000000489 0.24302299999999998903 0.39726400000000000601 0.67187699999999994649 0.53531600000000001405 0.53758799999999995478 0.7495669999999999833 0.77656300000000000328 0.82662899999999994716 0.83205700000000004657 0.71184800000000003628 0.60427200000000003133 0.62912800000000002054 0.62912800000000002054 0.80070300000000005358 0.73145400000000004859 0.77993100000000004091 0.6816849999999999854 0.88398299999999996324 0.91092700000000004223 0.93796199999999996244 0.97517100000000001003 0.98975500000000005141 0.98194800000000004303 0.89337299999999997269 0.75015100000000001224 0.79072600000000003995 0.9036220000000000363 0.79303900000000004944
0.69379299999999999304 0.61571299999999995478 0.51562200000000002476 0.43996600000000002373 0.43996600000000002373 0.24261299999999999533 0.26801700000000000523 0.321363999999999983 0.30373099999999997323 0.30505599999999999383 0.61176600000000003199 0.42425099999999998923 0.48618699999999998029 0.51012000000000001787 0.41620299999999998963 0.24356200000000000072 0.20234399999999999609 0.15469099999999999517 0.17648700000000000498 0.3455300000000000038 0.49505799999999999805 0.48921500000000001096 0.66313999999999995172 0.7097679999999999545 0.76234400000000002162 0.73432900000000000951 0.7790850000000000275 0.78932899999999994733 0.64433099999999998708 0.68847499999999994813 0.68847499999999994813 0.6433710000000000262 0.70509100000000002328 0.83469199999999998951 0.77937800000000001521 0.88536000000000003585 0.97030700000000003058 0.97092100000000003401 0.98890699999999998049 0.94806000000000001382 0.97277899999999994929 0.86677099999999995816 0.89625999999999994561 0.94250999999999995893 0.92975300000000005163 0.87344100000000002293
0.65857600000000005025 0.5237770000000000481 0.37729099999999998749 0.33532800000000001495 0.33532800000000001495 0.43096400000000001373 0.44099399999999999711 0.54430999999999996053 0.42857299999999998175 0.31622000000000000108 0.57491700000000001136 0.47596100000000002295 0.41436699999999998534 0.47571400000000002573 0.34565699999999999203 0.27090599999999998015 0.35525600000000001621 0.30205799999999999317 0.18351899999999998769 0.48354999999999997984 0.51670799999999994512 0.48904900000000001148 0.84702100000000002389 0.84111100000000005306 0.67784999999999995257 0.58776300000000003543 0.7333969999999999656 0.64298299999999997123 0.62619299999999999962 0.55682600000000004314 0.55682600000000004314 0.59021599999999996289 0.69020300000000001095 0.83545899999999995167 0.81808800000000003738 0.90882300000000004747 0.93643200000000004213 0.91666300000000000558 0.91011500000000000732 0.93990200000000001523 0.8719510000000000316 0.93812600000000001543 0.80424099999999998367 0.91006100000000000882 0.82340500000000005354 0.77512999999999998568
0.63061900000000004063 0.44181900000000001727 0.40157500000000001528 0.415111999999999981 0.415111999999999981 0.66097499999999997922 0.7718990000000000018 0.60597800000000001663 0.42896800000000001596 0.34438000000000001943 0.32148500000000002075 0.32600499999999998924 0.39445999999999997732 0.37846899999999999986 0.39085199999999997722 0.3768360000000000043 0.48756899999999997464 0.27068100000000000493 0.18072099999999999276 0.30421300000000001118 0.41658699999999998509 0.30153900000000000148 0.76421700000000003516 0.73862399999999994726 0.58315099999999997493 0.56887699999999996603 0.50817699999999998983 0.4861770000000000258 0.49221399999999998487 0.57278399999999995984 0.57278399999999995984 0.49899199999999999111 0.52355600000000002137 0.70728599999999997028 0.76461599999999996236 0.908529000000000031 0.85779000000000005244 0.91114399999999995394 0.90686800000000000743 0.77736899999999997668 0.83121100000000003316 0.92261499999999996291 0.88647100000000000897 0.89592600000000000016 0.85341299999999997716 0.67694200000000004369
0.76373000000000001997 0.54429600000000000204 0.49377700000000002145 0.55765399999999998304 0.55765399999999998304 0.74452099999999998836 0.82342000000000004079 0.46597399999999999931 0.2678099999999999925 0.35288100000000000023 0.25793899999999997386 0.24543999999999999151 0.47078100000000000502 0.34509200000000000985 0.40297300000000002562 0.41426800000000002511 0.37168400000000001437 0.24510299999999998755 0.22525300000000000877 0.22841200000000000392 0.16974200000000000399 0.36007800000000000917 0.81677500000000002878 0.58041500000000001425 0.50497599999999998044 0.68737800000000004452 0.642859999999999987 0.52463400000000004475 0.50096399999999996488 0.54314700000000004643 0.54314700000000004643 0.74973199999999995402 0.65691999999999994841 0.72560800000000003074 0.77306200000000002692 0.84646399999999999419 0.91265899999999999803 0.94123100000000003984 0.92895399999999994645 0.8848580000000000334 0.9357560000000000322 0.95069300000000001027 0.93813699999999999868 0.91248200000000001531 0.77579500000000001236 0.70134399999999996744
0.92525800000000002488 0.81964099999999995294 0.70238599999999995482 0.70102799999999998448 0.70102799999999998448 0.56396400000000002084 0.42195799999999999974 0.54611799999999999233 0.45898400000000000309 0.57767800000000002481 0.37332199999999998719 0.26039800000000001834 0.61217299999999996718 0.50720799999999999219 0.47644799999999998263 0.4982079999999999842 0.38341100000000000181 0.33600499999999999812 0.35976200000000002621 0.2548329999999999762 0.21118999999999998884 0.41337899999999999645 0.80861899999999997668 0.87518300000000004424 0.82332399999999994478 0.71919599999999994644 0.58781000000000005468 0.43620199999999997864 0.4469210000000000127 0.58724900000000002098 0.58724900000000002098 0.61239299999999996515 0.75034000000000000696 0.84656900000000001594 0.87913699999999994628 0.89033499999999998753 0.92820499999999994678 0.90917099999999995141 0.90364100000000002755 0.93640800000000001813 0.89338799999999995993 0.92260100000000000442 0.90114399999999994506 0.94294900000000003715 0.80877799999999999692 0.72671300000000005337
-9999 0.62343300000000001493 0.46611700000000000355 0.32884400000000002517 0.32884400000000002517 0.28878599999999998715 0.2080359999999999987 0.26053799999999999182 0.23610999999999998655 0.35119099999999997541 0.2495950000000000113 0.1847669999999999868 0.37165700000000001513 0.20921699999999998631 0.1767890000000000017 0.23023899999999999921 0.24802699999999999747 0.21161599999999999855 0.18693299999999998806 0.19997000000000000886 0.14785200000000001119 0.14202400000000001135 0.42579699999999998106 0.51224999999999998312 0.55343699999999995676 0.70859199999999999964 0.62765800000000004921 0.64106799999999997119 0.65787700000000004508 0.70513700000000001378 0.70513700000000001378 0.87605399999999999938 0.90614300000000003177 0.87384300000000003639 0.75353499999999995485 0.64443899999999998407 0.54565500000000000114 0.62404099999999995685 0.72529699999999996951 0.64758099999999996221 0.56102700000000005343 0.59280500000000002636 0.55646399999999995867 0.57798599999999999977 0.4928600000000000203 0.43603399999999997716
-9999 -9999 0.58006500000000005279 0.46378399999999997405 0.46378399999999997405 0.29113699999999997914 0.29448600000000002552 0.3133639999999999759 0.25415599999999999303 0.3563080000000000136 0.28987699999999999578 0.28730699999999997907 0.3000260000000000149 0.14073599999999999999 0.13537099999999999134 0.21380199999999999205 0.23957600000000001117 0.20362399999999999944 0.20491799999999998905 0.24939000000000000057 0.16323099999999998722 0.1384269999999999945 0.21724399999999999267 0.23363300000000000733 0.34528500000000000858 0.54547299999999998565 0.53801799999999999624 0.73792199999999996685 0.6928699999999999859 0.72872899999999996012 0.72872899999999996012 0.93008699999999999708 0.95251399999999997181 0.89607000000000003315 0.80344999999999999751 0.78190300000000001468 0.62501399999999995849 0.59267300000000000537 0.66633600000000003938 0.61456500000000002792 0.53517599999999998506 0.71308099999999996488 0.63590000000000002078 0.55866499999999996717 0.48693199999999997596 0.47047299999999997455
-9999 -9999 0.45520899999999997476 0.53410800000000002719 0.53410800000000002719 0.49044999999999999707 0.35099000000000002419 0.28177099999999999369 0.27241500000000001824 0.31353700000000001014 0.33022000000000001352 0.37304799999999999072 0.24071500000000001229 0.21032699999999998619 0.26819900000000002072 0.28388700000000000045 0.22279399999999999205 0.28771600000000002728 0.29698400000000002574 0.25774799999999997713 0.25066399999999999793 0.20372000000000001219 0.26502799999999998581 0.21104800000000001337 0.37522199999999999998 0.59206899999999995643 0.67839300000000002377 0.79351499999999997037 0.73777499999999995861 0.88546999999999997932 0.88546999999999997932 0.76572099999999998499 0.74553300000000000125 0.89101099999999999746 0.85887800000000003031 0.8125780000000000225 0.69142999999999998906 0.50839699999999998781 0.61345799999999994778 0.66849099999999994637 0.52299899999999999167 0.56635800000000002807 0.63550399999999995782 0.55537999999999998479 0.47751199999999999202 0.41940100000000002378
-9999 -9999 -9999 0.546879000000000004 0.546879000000000004 0.40130799999999999805 0.30875799999999997691 0.39721499999999998476 0.40001399999999998069 0.19815900000000000181 0.27254299999999997972 0.32969399999999998707 0.23232099999999999973 0.26992699999999997251 0.33266099999999998449 0.25018899999999999473 0.145115999999999995 0.30843199999999998395 0.32168900000000000272 0.31094300000000002493 0.31642900000000001581 0.27398800000000000932 0.36746600000000001485 0.2397529999999999939 0.23025100000000001121 0.29626900000000000457 0.40821800000000002528 0.67563499999999998558 0.77257799999999998697 0.73953199999999996717 0.73953199999999996717 0.59957199999999999385 0.53225900000000003764 0.84768399999999999306 0.88680400000000003669 0.74030499999999999083 0.79768200000000000216 0.65060099999999998488 0.64632800000000001361 0.59736599999999995259 0.54139899999999996361 0.55334300000000002928 0.55466899999999996762 0.50926499999999996771 0.36425099999999999145 0.43571300000000001695
-9999 -9999 -9999 0.60791300000000003667 0.60791300000000003667 0.39277899999999998926 0.27765899999999998915 0.32291799999999998283 0.26059399999999999231 0.28768100000000002003 0.26404199999999999893 0.35893300000000000205 0.37303199999999997472 0.37093700000000001671 0.3232400000000000273 0.27362799999999998235 0.18635999999999999788 0.35697000000000000952 0.39423399999999997334 0.29943199999999997596 0.32929999999999998161 0.25904199999999999449 0.37781399999999998318 0.35967700000000002447 0.24634400000000000741 0.2246190000000000131 0.38811099999999998378 0.62969200000000002948 0.62676200000000004131 0.71223499999999995147 0.71223499999999995147 0.68959999999999999076 0.58362700000000000689 0.73148100000000004783 0.88980099999999995308 0.77407700000000001506 0.71370500000000003382 0.68052599999999996427 0.61454100000000000392 0.53620000000000000995 0.54807799999999995411 0.52675700000000003076 0.5277340000000000364 0.53669199999999994688 0.36532599999999998408 0.47337899999999999423
-9999 -9999 -9999 0.48863600000000001478 0.48863600000000001478 0.52672600000000002751 0.46303899999999997839 0.4852609999999999979 0.34159699999999998399 0.424097999999999975 0.58404699999999998283 0.61214999999999997193 0.65191699999999996873 0.46953699999999998216 0.34526099999999998458 0.33764800000000000368 0.31398199999999998333 0.35736600000000001698 0.23384199999999999431 0.19032299999999999218 0.21351600000000001134 0.26468799999999997885 0.46321299999999998587 0.41943799999999997752 0.35499399999999997624 0.31084600000000001119 0.3018700000000000272 0.33813700000000002088 0.34986499999999998156 0.55495099999999997209 0.55495099999999997209 0.73852300000000004054 0.73837900000000000755 0.59877700000000000369 0.66926099999999999479 0.70208800000000004538 0.68449700000000002209 0.6610869999999999802 0.67944000000000004391 0.53625199999999995093 0.72270599999999995955 0.62604800000000004889 0.53122899999999995124 0.55331200000000002603 0.57046099999999999586 0.47274199999999999555
