Data/peta/Muara Sekalo Suo Suo - raster probability map_v1.asc
ncols        244
nrows        159
xllcorner    215689.189391530934
yllcorner    9860167.312381720170
cellsize     100.000000000000
NODATA_value  -9999
[rows 0 to 20 of 159, columns 138 to 183 of 244]
-9999 -9999 -9999 -9999 -9999 -9999 -9999 -9999 -9999 -9999 -9999 -9999 -9999 -9999 -9999 -9999 -9999 -9999 -9999 -9999 -9999 -9999 -9999 -9999 -9999 -9999 -9999 -9999 0.068526799999999998825 0.035962700000000000222 0.033551400000000002055 0.045062800000000000078 0.062271100000000002839 0.062271100000000002839 0.063378599999999993275 0.034692800000000002802 0.043078499999999998737 0.032142400000000001525 0.024443200000000001731 0.018064099999999999602 0.026826099999999998558 0.028584299999999999986 0.026722800000000001414 0.032280200000000001948 -9999 -9999
-9999 -9999 -9999 -9999 -9999 -9999 -9999 -9999 -9999 -9999 -9999 -9999 -9999 -9999 -9999 -9999 -9999 -9999 -9999 -9999 -9999 -9999 -9999 -9999 -9999 -9999 0.029286500000000000032 0.039085099999999997622 0.039362300000000002842 0.038254400000000000903 0.033737299999999997846 0.03050989999999999952 0.04083450000000000274 0.04083450000000000274 0.035644700000000001383 0.035410999999999998034 0.047066700000000002979 0.053867100000000001092 0.041705399999999996641 0.03611319999999999808 0.025474000000000000116 0.017583999999999998937 0.017254499999999999005 0.01708180000000000115 0.018983199999999998686 0.010517900000000000166
-9999 -9999 -9999 -9999 -9999 -9999 -9999 -9999 -9999 -9999 -9999 -9999 -9999 -9999 -9999 -9999 -9999 -9999 -9999 -9999 -9999 -9999 -9999 -9999 0.030519199999999999801 0.024626700000000001367 0.015829400000000000415 0.020986100000000000587 0.028923500000000001292 0.050636500000000000954 0.04808400000000000174 0.039138199999999997991 0.034128800000000000803 0.034128800000000000803 0.02440929999999999836 0.031937000000000000111 0.029259699999999999598 0.035541099999999999082 0.032896799999999996877 0.028826999999999998459 0.02189819999999999961 0.011784299999999999289 0.014437300000000000133 0.017953600000000000114 0.016949900000000000383 0.016068200000000001232
-9999 -9999 -9999 -9999 -9999 -9999 -9999 -9999 -9999 -9999 -9999 -9999 -9999 -9999 -9999 -9999 -9999 -9999 -9999 -9999 -9999 0.04912269999999999831 0.04912269999999999831 0.039347100000000002906 0.046202800000000002201 0.030868900000000001199 0.026648200000000000359 0.023401399999999999285 0.018131000000000001282 0.026486099999999998533 0.026186500000000001442 0.026144000000000000572 0.024644400000000000334 0.024644400000000000334 0.021608100000000001611 0.017673399999999998833 0.018418799999999999062 0.015076799999999999577 0.015129099999999999493 0.022283899999999998848 0.019523100000000001564 0.012429499999999999577 0.0094441300000000002329 0.011684500000000000441 0.016108100000000000196 0.017965200000000000613
-9999 -9999 -9999 -9999 -9999 -9999 -9999 -9999 -9999 -9999 -9999 -9999 -9999 -9999 -9999 -9999 -9999 -9999 -9999 -9999 -9999 0.033887899999999998579 0.033887899999999998579 0.044526000000000003076 0.062636300000000005861 0.03375630000000000297 0.021085599999999999482 0.026107000000000001733 0.019036399999999998461 0.01928950000000000109 0.026243999999999999967 0.015579300000000000787 0.0097664599999999993779 0.0097664599999999993779 0.024450199999999998324 0.019042400000000000992 0.015582000000000000364 0.0087877800000000002439 0.010600899999999999906 0.010947300000000000086 0.0075892299999999997609 0.012515599999999999989 0.013476600000000000038 0.0084065800000000003023 0.0082660400000000005399 0.011195099999999999496
-9999 -9999 -9999 -9999 -9999 -9999 -9999 -9999 -9999 -9999 -9999 -9999 -9999 -9999 -9999 -9999 -9999 -9999 -9999 -9999 0.035418699999999997408 0.039198999999999997734 0.039198999999999997734 0.067042199999999996241 0.071636000000000005228 0.049055599999999997818 0.040786999999999996869 0.032444699999999999929 0.026072899999999999548 0.015905900000000000594 0.024351700000000000429 0.016626300000000000107 0.014855399999999999508 0.014855399999999999508 0.024087999999999998302 0.019413400000000000795 0.024327899999999999525 0.019698699999999999544 0.015210200000000000109 0.014859900000000000539 0.012673200000000000784 0.010450100000000000361 0.015101200000000000387 0.011902899999999999245 0.0060111100000000000643 0.008015460000000000293
-9999 -9999 -9999 -9999 -9999 -9999 -9999 -9999 -9999 -9999 -9999 -9999 -9999 -9999 -9999 -9999 -9999 -9999 0.0096000800000000004186 0.016965199999999999725 0.020487399999999999362 0.021370799999999998825 0.021370799999999998825 0.033536999999999997368 0.045804799999999999682 0.069549700000000005962 0.052264699999999997271 0.057410999999999996757 0.039240400000000001668 0.028013099999999999112 0.041414800000000001612 0.03916010000000000324 0.0299688000000000003 0.0299688000000000003 0.035192899999999999183 0.019384900000000000048 0.026885599999999999082 0.021812000000000001526 0.018658700000000000285 0.011964900000000000535 0.0081462300000000008315 0.01058219999999999994 0.014741100000000000037 0.011753200000000000106 0.0046464300000000000046 0.0052134199999999998598
-9999 -9999 -9999 -9999 -9999 -9999 -9999 -9999 -9999 -9999 -9999 -9999 -9999 -9999 -9999 -9999 0.0044601099999999997692 0.0057727300000000002222 0.006019179999999999843 0.0090555700000000006328 0.0077195800000000001917 0.012307300000000000184 0.012307300000000000184 0.027405900000000000399 0.034941500000000000337 0.047805300000000001959 0.047376700000000000756 0.025767600000000001614 0.034620699999999997309 0.041311699999999999811 0.064438599999999998658 0.058246399999999996788 0.044229999999999998483 0.044229999999999998483 0.034452400000000001079 0.035088000000000001133 0.039684299999999998743 0.034879599999999996718 0.03034210000000000032 0.017694499999999998424 0.014784200000000000813 0.01614900000000000016 0.018908000000000001195 0.01122330000000000029 0.0068068000000000000033 0.0074665299999999998684
-9999 -9999 -9999 -9999 -9999 -9999 -9999 -9999 -9999 -9999 -9999 -9999 0.019117399999999999671 0.016744100000000001344 0.016381599999999999634 0.020996500000000001274 0.007803029999999999862 0.013106700000000000642 0.0086076799999999994983 0.0049658000000000002486 0.0057735199999999998674 0.016073600000000000387 0.016073600000000000387 0.03010490000000000041 0.028083299999999998542 0.043906100000000003458 0.043266300000000000592 0.03261470000000000341 0.043080399999999997862 0.05310720000000000024 0.062200100000000001221 0.065081600000000003337 0.041736200000000001076 0.041736200000000001076 0.024247899999999999315 0.027187200000000001643 0.028942300000000000665 0.026380299999999998889 0.039668799999999997119 0.012906000000000000805 0.021277799999999999492 0.025444299999999999556 0.019964300000000000795 0.011997300000000000672 0.012380300000000000332 0.014095699999999999202
-9999 -9999 -9999 -9999 -9999 -9999 -9999 -9999 -9999 -9999 -9999 0.039167199999999999238 0.028112800000000000289 0.01791169999999999915 0.015974800000000000805 0.030935899999999998816 0.01078319999999999973 0.016706599999999998535 0.011352499999999999744 0.0046848899999999997143 0.004568789999999999657 0.016698000000000001036 0.016698000000000001036 0.03001759999999999845 0.035432900000000003282 0.036095099999999998019 0.035093899999999997319 0.024761100000000001164 0.034165300000000002612 0.039589499999999999691 0.032828599999999999448 0.035074399999999998634 0.035103900000000000381 0.035103900000000000381 0.041563299999999997469 0.029483599999999998698 0.024935900000000000426 0.030598099999999999604 0.041339099999999996682 0.020801699999999999358 0.029319399999999998935 0.022873100000000000376 0.026886899999999998301 0.020781899999999998985 0.020298400000000001164 0.019291099999999998527
-9999 -9999 -9999 -9999 -9999 -9999 -9999 -9999 -9999 -9999 -9999 0.033187599999999997658 0.024606099999999998806 0.019318899999999999961 0.012604799999999999338 0.025399700000000000749 0.011677099999999999286 0.013817799999999999874 0.014946700000000000264 0.0073416599999999998527 0.0077682699999999998627 0.015405200000000000837 0.015405200000000000837 0.028962000000000001632 0.034635800000000001309 0.045960800000000003041 0.032457199999999998552 0.024306299999999999434 0.037065099999999996661 0.028919400000000001355 0.02339120000000000088 0.020351999999999998564 0.024310499999999998777 0.024310499999999998777 0.035617099999999998761 0.023034900000000000514 0.023423499999999999877 0.029130300000000001331 0.041898499999999998245 0.032254800000000000137 0.029276699999999999252 0.018847599999999999076 0.019535400000000001375 0.011910399999999999807 0.020255399999999999794 0.018254900000000000987
-9999 -9999 -9999 -9999 -9999 -9999 -9999 -9999 -9999 -9999 -9999 0.015663199999999998652 0.014277800000000000213 0.010145400000000000598 0.0096262199999999995687 0.016865499999999998548 0.0089215700000000001946 0.014368399999999999922 0.019945100000000000329 0.008666550000000000295 0.010435599999999999737 0.019541200000000001624 0.019541200000000001624 0.037395299999999999374 0.044102200000000001123 0.031539999999999998592 0.031165700000000001041 0.026500900000000000845 0.029825500000000001316 0.029209999999999999853 0.019497199999999999254 0.012748499999999999416 0.017538100000000000911 0.017538100000000000911 0.022645999999999999464 0.028417899999999999411 0.031055300000000000959 0.031526899999999996593 0.037759700000000000208 0.047580200000000003047 0.036899099999999997179 0.022326800000000000812 0.027884200000000001346 0.021331900000000000861 0.019686399999999999733 0.017465899999999999481
-9999 -9999 -9999 -9999 -9999 -9999 -9999 -9999 -9999 -9999 0.018058500000000001634 0.015663199999999998652 0.014277800000000000213 0.010145400000000000598 0.0096262199999999995687 0.016865499999999998548 0.0089215700000000001946 0.014368399999999999922 0.019945100000000000329 0.008666550000000000295 0.010435599999999999737 0.019541200000000001624 0.019541200000000001624 0.037395299999999999374 0.044102200000000001123 0.031539999999999998592 0.031165700000000001041 0.026500900000000000845 0.029825500000000001316 0.029209999999999999853 0.019497199999999999254 0.012748499999999999416 0.017538100000000000911 0.017538100000000000911 0.022645999999999999464 0.028417899999999999411 0.031055300000000000959 0.031526899999999996593 0.037759700000000000208 0.047580200000000003047 0.036899099999999997179 0.022326800000000000812 0.027884200000000001346 0.021331900000000000861 0.019686399999999999733 0.017465899999999999481
-9999 -9999 -9999 -9999 -9999 -9999 -9999 -9999 -9999 0.033391499999999997572 0.027230899999999998856 0.015617300000000000626 0.011708400000000000751 0.0097336499999999999411 0.009518139999999999587 0.0059633500000000000743 0.012185200000000000198 0.013688499999999999279 0.015919499999999999623 0.0075757200000000001969 0.0064481900000000003451 0.024529399999999999815 0.024529399999999999815 0.035903200000000003167 0.029172900000000001608 0.025986300000000000371 0.032930099999999996874 0.024099399999999999988 0.0205925999999999991 0.022038900000000000157 0.024224699999999998318 0.01030559999999999983 0.010723500000000000393 0.010723500000000000393 0.015883200000000000096 0.019844299999999998746 0.026498199999999999532 0.020457900000000001084 0.017674300000000000427 0.021829999999999998711 0.012634599999999999304 0.010767399999999999888 0.018197200000000000181 0.015172100000000000863 0.013851099999999999871 0.016329799999999998483
-9999 -9999 -9999 -9999 -9999 -9999 -9999 0.0053597799999999997528 0.016987800000000000816 0.012362500000000000225 0.013750800000000000523 0.012197500000000000009 0.010965900000000000647 0.015986199999999999022 0.010798600000000000212 0.0047050399999999997433 0.0088007899999999993079 0.014062599999999999753 0.018494400000000001116 0.019524400000000000782 0.016904599999999998794 0.026389400000000000357 0.026389400000000000357 0.038967099999999997573 0.024217900000000000538 0.017701200000000000268 0.032788900000000002766 0.019579499999999999682 0.02261639999999999831 0.023168100000000000499 0.021266000000000000181 0.01048319999999999981 0.0074125099999999997588 0.0074125099999999997588 0.015446400000000000755 0.023410600000000000159 0.026040299999999998865 0.019110200000000000797 0.015533200000000000479 0.02188990000000000033 0.0094411700000000004646 0.01504540000000000044 0.02237640000000000115 0.013835200000000000622 0.013530399999999999719 0.014987099999999999728
-9999 -9999 -9999 -9999 -9999 -9999 -9999 0.01455900000000000076 0.0090593600000000006761 0.01423499999999999939 0.012881599999999999995 0.010376200000000000354 0.007222600000000000027 0.0068653899999999998607 0.032224700000000001954 0.043480900000000002881 0.015585599999999999801 0.026432699999999999946 0.02626279999999999934 0.0046180199999999995905 0.0081383400000000008512 0.016551199999999998552 0.016551199999999998552 0.02384150000000000158 0.021876400000000000706 0.01817030000000000034 0.022363999999999998464 0.018471600000000001213 0.021670200000000000573 0.028092300000000000604 0.031309799999999998743 0.015196400000000000532 0.012886200000000000432 0.012886200000000000432 0.020166400000000000992 0.018338400000000001228 0.014411800000000000652 0.019670099999999999391 0.018470799999999999025 0.013123199999999999796 0.01216880000000000045 0.020723499999999998866 0.012442099999999999341 0.0095619899999999993789 0.012850200000000000858 0.017163600000000001078
-9999 -9999 -9999 -9999 -9999 -9999 -9999 0.013600299999999999195 0.0048995000000000002091 0.0099340100000000000624 0.010883699999999999625 0.00604273999999999957 0.0082320499999999994373 0.033799799999999997902 0.02631160000000000096 0.038815000000000002278 0.027420599999999999835 0.014995800000000000102 0.016024500000000000549 0.0072722999999999997714 0.0057165999999999996331 0.013526200000000000376 0.013526200000000000376 0.026409599999999998354 0.016865999999999999048 0.015796899999999999137 0.023481499999999998901 0.020556200000000000166 0.02914040000000000033 0.037829500000000002014 0.0407374 0.023419499999999999346 0.0096641999999999995269 0.0096641999999999995269 0.016427500000000001129 0.020787199999999998734 0.013441299999999999776 0.0067064799999999999067 0.011439700000000000563 0.018141000000000000875 0.014273499999999999729 0.022273899999999999255 0.01378760000000000055 0.0099886899999999997218 0.014382999999999999952 0.023453399999999999248
-9999 -9999 -9999 -9999 -9999 -9999 0.013407699999999999826 0.0082530599999999995631 0.0046432100000000000456 0.01081690000000000082 0.010585400000000000018 0.0065545300000000002519 0.01652609999999999843 0.021550900000000001305 0.012490599999999999273 0.017459100000000001701 0.015904700000000000781 0.0082230500000000008448 0.011405000000000000207 0.020581399999999999695 0.010597799999999999235 0.0096605500000000003868 0.0096605500000000003868 0.019905400000000000177 0.014392900000000000138 0.015839400000000000007 0.016942100000000001603 0.017280799999999998939 0.018400400000000000783 0.033676999999999998603 0.038180499999999999161 0.021886099999999998611 0.0067775400000000003004 0.0067775400000000003004 0.010236999999999999572 0.016656100000000000072 0.0096608700000000002212 0.0076175699999999997233 0.012536900000000000127 0.019132599999999999607 0.012193400000000000072 0.025109099999999998781 0.016126299999999999663 0.0081366000000000007764 0.017141300000000001674 0.01681940000000000171
-9999 -9999 -9999 -9999 -9999 0.0099861700000000008098 0.0047740400000000002279 0.0031015499999999997932 0.0046059999999999998513 0.0037014499999999997924 0.016978099999999999442 0.017169500000000000733 0.018735600000000001558 0.016646700000000000386 0.013488099999999999395 0.0025337699999999998592 0.0063377700000000003824 0.013799900000000000361 0.012979600000000000859 0.048808400000000001784 0.050466600000000000348 0.017335400000000000809 0.017335400000000000809 0.029600399999999998935 0.015629099999999999937 0.014353599999999999345 0.015207200000000000578 0.017992299999999999266 0.025430700000000000527 0.019257599999999999718 0.017578799999999998593 0.0082436200000000001142 0.009105500000000000746 0.009105500000000000746 0.0061087700000000003456 0.020504899999999999516 0.016359999999999999543 0.015544699999999999837 0.015277499999999999414 0.023940900000000001069 0.014683200000000000418 0.029340600000000001402 0.018495899999999999147 0.0099193100000000006267 0.011754999999999999824 0.013135700000000000154
-9999 -9999 -9999 0.02213139999999999899 0.010822299999999999975 0.0035053300000000000777 0.00556861999999999982 0.0071612500000000000808 0.0087359699999999991527 0.0090611000000000007509 0.028054699999999998389 0.016032199999999999923 0.023196800000000000058 0.0087522899999999993759 0.0048467099999999997337 0.0016867600000000000388 0.004593930000000000409 0.013379500000000000767 0.015935299999999999465 0.055580999999999998462 0.043872599999999997711 0.023220700000000000368 0.023220700000000000368 0.027150899999999998646 0.014865299999999999694 0.0220991999999999994 0.0372779000000000027 0.033262800000000002087 0.012389600000000000612 0.013685199999999999795 0.012802300000000000832 0.015076499999999999624 0.010881699999999999359 0.010881699999999999359 0.011364499999999999602 0.018464600000000001151 0.0062886299999999999144 0.0052644099999999997494 0.012225299999999999709 0.020556000000000001354 0.0237185 0.037445600000000002494 0.034402900000000000147 0.01547029999999999933 0.012385200000000000722 0.0126694000000000008
0.024625500000000001555 0.039299199999999999411 0.032666899999999998716 0.020564700000000001728 0.011041199999999999279 0.0026927100000000000687 0.0078575799999999994261 0.013796199999999999783 0.0097631799999999997752 0.010767199999999999341 0.020304099999999998538 0.019042799999999998617 0.010934700000000000322 0.0082462300000000002265 0.0031366800000000001972 0.0018402200000000000502 0.0045054999999999999563 0.019310000000000000775 0.023448099999999999499 0.051042600000000000471 0.033561199999999999366 0.023380000000000001475 0.023380000000000001475 0.021654300000000001325 0.019156099999999998823 0.035828600000000002113 0.047396099999999996566 0.033942699999999999261 0.015474500000000000408 0.0098591300000000006709 0.0072901600000000003898 0.0086131999999999996759 0.0087597200000000003534 0.0087597200000000003534 0.012081200000000000272 0.0067698599999999999402 0.0055357100000000001097 0.0052522599999999999149 0.010504299999999999402 0.016213499999999998746 0.032467099999999998738 0.034154700000000003113 0.028656199999999999728 0.019439899999999999541 0.014529999999999999513 0.014979400000000000354
